#  number of independent evaluations (computer runs) required: 116
#  number of resolution (grid) levels required: 3
116 348 4 0
Mach	AoA	Beta	
0	0	2	0	3	0.1	5.0	5.00924956431828E-17	
0	1	1	0	-3	0.1	5.0	5.00924956431828E-17	
0	2	0	0	-3	0.1	5.0	5.00924956431828E-17	
1	3	2	0	3	0.1	4.52	5.00924956431828E-17	
1	4	1	0	-3	0.1	4.52	5.00924956431828E-17	
1	5	0	0	-3	0.1	4.52	5.00924956431828E-17	
2	6	2	0	3	0.1	5.48	5.00924956431828E-17	
2	7	1	0	-3	0.1	5.48	5.00924956431828E-17	
2	8	0	0	-3	0.1	5.48	5.00924956431828E-17	
3	9	2	0	3	0.1	5.0	-1.44	
3	10	1	0	-3	0.1	5.0	-1.44	
3	11	0	0	-3	0.1	5.0	-1.44	
4	12	2	0	3	0.1	5.0	1.44	
4	13	1	0	-3	0.1	5.0	1.44	
4	14	0	0	-3	0.1	5.0	1.44	
5	15	2	0	3	0.1	4.873796208574759	5.00924956431828E-17	
5	16	1	0	-3	0.1	4.873796208574759	5.00924956431828E-17	
5	17	0	0	-3	0.1	4.873796208574759	5.00924956431828E-17	
6	18	2	0	3	0.1	5.126203791425241	5.00924956431828E-17	
6	19	1	0	-3	0.1	5.126203791425241	5.00924956431828E-17	
6	20	0	0	-3	0.1	5.126203791425241	5.00924956431828E-17	
7	21	2	0	3	0.1	4.52	-1.44	
7	22	1	0	-3	0.1	4.52	-1.44	
7	23	0	0	-3	0.1	4.52	-1.44	
8	24	2	0	3	0.1	5.48	-1.44	
8	25	1	0	-3	0.1	5.48	-1.44	
8	26	0	0	-3	0.1	5.48	-1.44	
9	27	2	0	3	0.1	4.52	1.44	
9	28	1	0	-3	0.1	4.52	1.44	
9	29	0	0	-3	0.1	4.52	1.44	
10	30	2	0	3	0.1	5.48	1.44	
10	31	1	0	-3	0.1	5.48	1.44	
10	32	0	0	-3	0.1	5.48	1.44	
11	33	2	0	3	0.1	5.0	-0.3786113742757233	
11	34	1	0	-3	0.1	5.0	-0.3786113742757233	
11	35	0	0	-3	0.1	5.0	-0.3786113742757233	
12	36	2	0	3	0.1	5.0	0.3786113742757233	
12	37	1	0	-3	0.1	5.0	0.3786113742757233	
12	38	0	0	-3	0.1	5.0	0.3786113742757233	
13	39	2	0	3	0.1	4.787203984959308	5.00924956431828E-17	
13	40	1	0	-3	0.1	4.787203984959308	5.00924956431828E-17	
13	41	0	0	-3	0.1	4.787203984959308	5.00924956431828E-17	
14	42	2	0	3	0.1	4.940045282262197	5.00924956431828E-17	
14	43	1	0	-3	0.1	4.940045282262197	5.00924956431828E-17	
14	44	0	0	-3	0.1	4.940045282262197	5.00924956431828E-17	
15	45	2	0	3	0.1	5.059954717737803	5.00924956431828E-17	
15	46	1	0	-3	0.1	5.059954717737803	5.00924956431828E-17	
15	47	0	0	-3	0.1	5.059954717737803	5.00924956431828E-17	
16	48	2	0	3	0.1	5.212796015040692	5.00924956431828E-17	
16	49	1	0	-3	0.1	5.212796015040692	5.00924956431828E-17	
16	50	0	0	-3	0.1	5.212796015040692	5.00924956431828E-17	
17	51	2	0	3	0.1	4.873796208574759	-1.44	
17	52	1	0	-3	0.1	4.873796208574759	-1.44	
17	53	0	0	-3	0.1	4.873796208574759	-1.44	
18	54	2	0	3	0.1	5.126203791425241	-1.44	
18	55	1	0	-3	0.1	5.126203791425241	-1.44	
18	56	0	0	-3	0.1	5.126203791425241	-1.44	
19	57	2	0	3	0.1	4.873796208574759	1.44	
19	58	1	0	-3	0.1	4.873796208574759	1.44	
19	59	0	0	-3	0.1	4.873796208574759	1.44	
20	60	2	0	3	0.1	5.126203791425241	1.44	
20	61	1	0	-3	0.1	5.126203791425241	1.44	
20	62	0	0	-3	0.1	5.126203791425241	1.44	
21	63	2	0	3	0.1	4.52	-0.3786113742757233	
21	64	1	0	-3	0.1	4.52	-0.3786113742757233	
21	65	0	0	-3	0.1	4.52	-0.3786113742757233	
22	66	2	0	3	0.1	5.48	-0.3786113742757233	
22	67	1	0	-3	0.1	5.48	-0.3786113742757233	
22	68	0	0	-3	0.1	5.48	-0.3786113742757233	
23	69	2	0	3	0.1	4.52	0.3786113742757233	
23	70	1	0	-3	0.1	4.52	0.3786113742757233	
23	71	0	0	-3	0.1	4.52	0.3786113742757233	
24	72	2	0	3	0.1	5.48	0.3786113742757233	
24	73	1	0	-3	0.1	5.48	0.3786113742757233	
24	74	0	0	-3	0.1	5.48	0.3786113742757233	
25	75	2	0	3	0.1	5.0	-0.6383880451220755	
25	76	1	0	-3	0.1	5.0	-0.6383880451220755	
25	77	0	0	-3	0.1	5.0	-0.6383880451220755	
26	78	2	0	3	0.1	5.0	-0.17986415321340898	
26	79	1	0	-3	0.1	5.0	-0.17986415321340898	
26	80	0	0	-3	0.1	5.0	-0.17986415321340898	
27	81	2	0	3	0.1	5.0	0.17986415321340884	
27	82	1	0	-3	0.1	5.0	0.17986415321340884	
27	83	0	0	-3	0.1	5.0	0.17986415321340884	
28	84	2	0	3	0.1	5.0	0.6383880451220759	
28	85	1	0	-3	0.1	5.0	0.6383880451220759	
28	86	0	0	-3	0.1	5.0	0.6383880451220759	
29	87	2	0	3	0.4	5.0	5.00924956431828E-17	
29	88	1	0	-3	0.4	5.0	5.00924956431828E-17	
29	89	0	0	-3	0.4	5.0	5.00924956431828E-17	
30	90	2	0	3	0.4	4.52	5.00924956431828E-17	
30	91	1	0	-3	0.4	4.52	5.00924956431828E-17	
30	92	0	0	-3	0.4	4.52	5.00924956431828E-17	
31	93	2	0	3	0.4	5.48	5.00924956431828E-17	
31	94	1	0	-3	0.4	5.48	5.00924956431828E-17	
31	95	0	0	-3	0.4	5.48	5.00924956431828E-17	
32	96	2	0	3	0.4	5.0	-1.44	
32	97	1	0	-3	0.4	5.0	-1.44	
32	98	0	0	-3	0.4	5.0	-1.44	
33	99	2	0	3	0.4	5.0	1.44	
33	100	1	0	-3	0.4	5.0	1.44	
33	101	0	0	-3	0.4	5.0	1.44	
34	102	2	0	3	0.4	4.873796208574759	5.00924956431828E-17	
34	103	1	0	-3	0.4	4.873796208574759	5.00924956431828E-17	
34	104	0	0	-3	0.4	4.873796208574759	5.00924956431828E-17	
35	105	2	0	3	0.4	5.126203791425241	5.00924956431828E-17	
35	106	1	0	-3	0.4	5.126203791425241	5.00924956431828E-17	
35	107	0	0	-3	0.4	5.126203791425241	5.00924956431828E-17	
36	108	2	0	3	0.4	4.52	-1.44	
36	109	1	0	-3	0.4	4.52	-1.44	
36	110	0	0	-3	0.4	4.52	-1.44	
37	111	2	0	3	0.4	5.48	-1.44	
37	112	1	0	-3	0.4	5.48	-1.44	
37	113	0	0	-3	0.4	5.48	-1.44	
38	114	2	0	3	0.4	4.52	1.44	
38	115	1	0	-3	0.4	4.52	1.44	
38	116	0	0	-3	0.4	4.52	1.44	
39	117	2	0	3	0.4	5.48	1.44	
39	118	1	0	-3	0.4	5.48	1.44	
39	119	0	0	-3	0.4	5.48	1.44	
40	120	2	0	3	0.4	5.0	-0.3786113742757233	
40	121	1	0	-3	0.4	5.0	-0.3786113742757233	
40	122	0	0	-3	0.4	5.0	-0.3786113742757233	
41	123	2	0	3	0.4	5.0	0.3786113742757233	
41	124	1	0	-3	0.4	5.0	0.3786113742757233	
41	125	0	0	-3	0.4	5.0	0.3786113742757233	
42	126	2	0	3	0.4	4.787203984959308	5.00924956431828E-17	
42	127	1	0	-3	0.4	4.787203984959308	5.00924956431828E-17	
42	128	0	0	-3	0.4	4.787203984959308	5.00924956431828E-17	
43	129	2	0	3	0.4	4.940045282262197	5.00924956431828E-17	
43	130	1	0	-3	0.4	4.940045282262197	5.00924956431828E-17	
43	131	0	0	-3	0.4	4.940045282262197	5.00924956431828E-17	
44	132	2	0	3	0.4	5.059954717737803	5.00924956431828E-17	
44	133	1	0	-3	0.4	5.059954717737803	5.00924956431828E-17	
44	134	0	0	-3	0.4	5.059954717737803	5.00924956431828E-17	
45	135	2	0	3	0.4	5.212796015040692	5.00924956431828E-17	
45	136	1	0	-3	0.4	5.212796015040692	5.00924956431828E-17	
45	137	0	0	-3	0.4	5.212796015040692	5.00924956431828E-17	
46	138	2	0	3	0.4	4.873796208574759	-1.44	
46	139	1	0	-3	0.4	4.873796208574759	-1.44	
46	140	0	0	-3	0.4	4.873796208574759	-1.44	
47	141	2	0	3	0.4	5.126203791425241	-1.44	
47	142	1	0	-3	0.4	5.126203791425241	-1.44	
47	143	0	0	-3	0.4	5.126203791425241	-1.44	
48	144	2	0	3	0.4	4.873796208574759	1.44	
48	145	1	0	-3	0.4	4.873796208574759	1.44	
48	146	0	0	-3	0.4	4.873796208574759	1.44	
49	147	2	0	3	0.4	5.126203791425241	1.44	
49	148	1	0	-3	0.4	5.126203791425241	1.44	
49	149	0	0	-3	0.4	5.126203791425241	1.44	
50	150	2	0	3	0.4	4.52	-0.3786113742757233	
50	151	1	0	-3	0.4	4.52	-0.3786113742757233	
50	152	0	0	-3	0.4	4.52	-0.3786113742757233	
51	153	2	0	3	0.4	5.48	-0.3786113742757233	
51	154	1	0	-3	0.4	5.48	-0.3786113742757233	
51	155	0	0	-3	0.4	5.48	-0.3786113742757233	
52	156	2	0	3	0.4	4.52	0.3786113742757233	
52	157	1	0	-3	0.4	4.52	0.3786113742757233	
52	158	0	0	-3	0.4	4.52	0.3786113742757233	
53	159	2	0	3	0.4	5.48	0.3786113742757233	
53	160	1	0	-3	0.4	5.48	0.3786113742757233	
53	161	0	0	-3	0.4	5.48	0.3786113742757233	
54	162	2	0	3	0.4	5.0	-0.6383880451220755	
54	163	1	0	-3	0.4	5.0	-0.6383880451220755	
54	164	0	0	-3	0.4	5.0	-0.6383880451220755	
55	165	2	0	3	0.4	5.0	-0.17986415321340898	
55	166	1	0	-3	0.4	5.0	-0.17986415321340898	
55	167	0	0	-3	0.4	5.0	-0.17986415321340898	
56	168	2	0	3	0.4	5.0	0.17986415321340884	
56	169	1	0	-3	0.4	5.0	0.17986415321340884	
56	170	0	0	-3	0.4	5.0	0.17986415321340884	
57	171	2	0	3	0.4	5.0	0.6383880451220759	
57	172	1	0	-3	0.4	5.0	0.6383880451220759	
57	173	0	0	-3	0.4	5.0	0.6383880451220759	
58	174	2	0	3	0.6	5.0	5.00924956431828E-17	
58	175	1	0	-3	0.6	5.0	5.00924956431828E-17	
58	176	0	0	-3	0.6	5.0	5.00924956431828E-17	
59	177	2	0	3	0.6	4.52	5.00924956431828E-17	
59	178	1	0	-3	0.6	4.52	5.00924956431828E-17	
59	179	0	0	-3	0.6	4.52	5.00924956431828E-17	
60	180	2	0	3	0.6	5.48	5.00924956431828E-17	
60	181	1	0	-3	0.6	5.48	5.00924956431828E-17	
60	182	0	0	-3	0.6	5.48	5.00924956431828E-17	
61	183	2	0	3	0.6	5.0	-1.44	
61	184	1	0	-3	0.6	5.0	-1.44	
61	185	0	0	-3	0.6	5.0	-1.44	
62	186	2	0	3	0.6	5.0	1.44	
62	187	1	0	-3	0.6	5.0	1.44	
62	188	0	0	-3	0.6	5.0	1.44	
63	189	2	0	3	0.6	4.873796208574759	5.00924956431828E-17	
63	190	1	0	-3	0.6	4.873796208574759	5.00924956431828E-17	
63	191	0	0	-3	0.6	4.873796208574759	5.00924956431828E-17	
64	192	2	0	3	0.6	5.126203791425241	5.00924956431828E-17	
64	193	1	0	-3	0.6	5.126203791425241	5.00924956431828E-17	
64	194	0	0	-3	0.6	5.126203791425241	5.00924956431828E-17	
65	195	2	0	3	0.6	4.52	-1.44	
65	196	1	0	-3	0.6	4.52	-1.44	
65	197	0	0	-3	0.6	4.52	-1.44	
66	198	2	0	3	0.6	5.48	-1.44	
66	199	1	0	-3	0.6	5.48	-1.44	
66	200	0	0	-3	0.6	5.48	-1.44	
67	201	2	0	3	0.6	4.52	1.44	
67	202	1	0	-3	0.6	4.52	1.44	
67	203	0	0	-3	0.6	4.52	1.44	
68	204	2	0	3	0.6	5.48	1.44	
68	205	1	0	-3	0.6	5.48	1.44	
68	206	0	0	-3	0.6	5.48	1.44	
69	207	2	0	3	0.6	5.0	-0.3786113742757233	
69	208	1	0	-3	0.6	5.0	-0.3786113742757233	
69	209	0	0	-3	0.6	5.0	-0.3786113742757233	
70	210	2	0	3	0.6	5.0	0.3786113742757233	
70	211	1	0	-3	0.6	5.0	0.3786113742757233	
70	212	0	0	-3	0.6	5.0	0.3786113742757233	
71	213	2	0	3	0.6	4.787203984959308	5.00924956431828E-17	
71	214	1	0	-3	0.6	4.787203984959308	5.00924956431828E-17	
71	215	0	0	-3	0.6	4.787203984959308	5.00924956431828E-17	
72	216	2	0	3	0.6	4.940045282262197	5.00924956431828E-17	
72	217	1	0	-3	0.6	4.940045282262197	5.00924956431828E-17	
72	218	0	0	-3	0.6	4.940045282262197	5.00924956431828E-17	
73	219	2	0	3	0.6	5.059954717737803	5.00924956431828E-17	
73	220	1	0	-3	0.6	5.059954717737803	5.00924956431828E-17	
73	221	0	0	-3	0.6	5.059954717737803	5.00924956431828E-17	
74	222	2	0	3	0.6	5.212796015040692	5.00924956431828E-17	
74	223	1	0	-3	0.6	5.212796015040692	5.00924956431828E-17	
74	224	0	0	-3	0.6	5.212796015040692	5.00924956431828E-17	
75	225	2	0	3	0.6	4.873796208574759	-1.44	
75	226	1	0	-3	0.6	4.873796208574759	-1.44	
75	227	0	0	-3	0.6	4.873796208574759	-1.44	
76	228	2	0	3	0.6	5.126203791425241	-1.44	
76	229	1	0	-3	0.6	5.126203791425241	-1.44	
76	230	0	0	-3	0.6	5.126203791425241	-1.44	
77	231	2	0	3	0.6	4.873796208574759	1.44	
77	232	1	0	-3	0.6	4.873796208574759	1.44	
77	233	0	0	-3	0.6	4.873796208574759	1.44	
78	234	2	0	3	0.6	5.126203791425241	1.44	
78	235	1	0	-3	0.6	5.126203791425241	1.44	
78	236	0	0	-3	0.6	5.126203791425241	1.44	
79	237	2	0	3	0.6	4.52	-0.3786113742757233	
79	238	1	0	-3	0.6	4.52	-0.3786113742757233	
79	239	0	0	-3	0.6	4.52	-0.3786113742757233	
80	240	2	0	3	0.6	5.48	-0.3786113742757233	
80	241	1	0	-3	0.6	5.48	-0.3786113742757233	
80	242	0	0	-3	0.6	5.48	-0.3786113742757233	
81	243	2	0	3	0.6	4.52	0.3786113742757233	
81	244	1	0	-3	0.6	4.52	0.3786113742757233	
81	245	0	0	-3	0.6	4.52	0.3786113742757233	
82	246	2	0	3	0.6	5.48	0.3786113742757233	
82	247	1	0	-3	0.6	5.48	0.3786113742757233	
82	248	0	0	-3	0.6	5.48	0.3786113742757233	
83	249	2	0	3	0.6	5.0	-0.6383880451220755	
83	250	1	0	-3	0.6	5.0	-0.6383880451220755	
83	251	0	0	-3	0.6	5.0	-0.6383880451220755	
84	252	2	0	3	0.6	5.0	-0.17986415321340898	
84	253	1	0	-3	0.6	5.0	-0.17986415321340898	
84	254	0	0	-3	0.6	5.0	-0.17986415321340898	
85	255	2	0	3	0.6	5.0	0.17986415321340884	
85	256	1	0	-3	0.6	5.0	0.17986415321340884	
85	257	0	0	-3	0.6	5.0	0.17986415321340884	
86	258	2	0	3	0.6	5.0	0.6383880451220759	
86	259	1	0	-3	0.6	5.0	0.6383880451220759	
86	260	0	0	-3	0.6	5.0	0.6383880451220759	
87	261	2	0	3	0.8	5.0	5.00924956431828E-17	
87	262	1	0	-3	0.8	5.0	5.00924956431828E-17	
87	263	0	0	-3	0.8	5.0	5.00924956431828E-17	
88	264	2	0	3	0.8	4.52	5.00924956431828E-17	
88	265	1	0	-3	0.8	4.52	5.00924956431828E-17	
88	266	0	0	-3	0.8	4.52	5.00924956431828E-17	
89	267	2	0	3	0.8	5.48	5.00924956431828E-17	
89	268	1	0	-3	0.8	5.48	5.00924956431828E-17	
89	269	0	0	-3	0.8	5.48	5.00924956431828E-17	
90	270	2	0	3	0.8	5.0	-1.44	
90	271	1	0	-3	0.8	5.0	-1.44	
90	272	0	0	-3	0.8	5.0	-1.44	
91	273	2	0	3	0.8	5.0	1.44	
91	274	1	0	-3	0.8	5.0	1.44	
91	275	0	0	-3	0.8	5.0	1.44	
92	276	2	0	3	0.8	4.873796208574759	5.00924956431828E-17	
92	277	1	0	-3	0.8	4.873796208574759	5.00924956431828E-17	
92	278	0	0	-3	0.8	4.873796208574759	5.00924956431828E-17	
93	279	2	0	3	0.8	5.126203791425241	5.00924956431828E-17	
93	280	1	0	-3	0.8	5.126203791425241	5.00924956431828E-17	
93	281	0	0	-3	0.8	5.126203791425241	5.00924956431828E-17	
94	282	2	0	3	0.8	4.52	-1.44	
94	283	1	0	-3	0.8	4.52	-1.44	
94	284	0	0	-3	0.8	4.52	-1.44	
95	285	2	0	3	0.8	5.48	-1.44	
95	286	1	0	-3	0.8	5.48	-1.44	
95	287	0	0	-3	0.8	5.48	-1.44	
96	288	2	0	3	0.8	4.52	1.44	
96	289	1	0	-3	0.8	4.52	1.44	
96	290	0	0	-3	0.8	4.52	1.44	
97	291	2	0	3	0.8	5.48	1.44	
97	292	1	0	-3	0.8	5.48	1.44	
97	293	0	0	-3	0.8	5.48	1.44	
98	294	2	0	3	0.8	5.0	-0.3786113742757233	
98	295	1	0	-3	0.8	5.0	-0.3786113742757233	
98	296	0	0	-3	0.8	5.0	-0.3786113742757233	
99	297	2	0	3	0.8	5.0	0.3786113742757233	
99	298	1	0	-3	0.8	5.0	0.3786113742757233	
99	299	0	0	-3	0.8	5.0	0.3786113742757233	
100	300	2	0	3	0.8	4.787203984959308	5.00924956431828E-17	
100	301	1	0	-3	0.8	4.787203984959308	5.00924956431828E-17	
100	302	0	0	-3	0.8	4.787203984959308	5.00924956431828E-17	
101	303	2	0	3	0.8	4.940045282262197	5.00924956431828E-17	
101	304	1	0	-3	0.8	4.940045282262197	5.00924956431828E-17	
101	305	0	0	-3	0.8	4.940045282262197	5.00924956431828E-17	
102	306	2	0	3	0.8	5.059954717737803	5.00924956431828E-17	
102	307	1	0	-3	0.8	5.059954717737803	5.00924956431828E-17	
102	308	0	0	-3	0.8	5.059954717737803	5.00924956431828E-17	
103	309	2	0	3	0.8	5.212796015040692	5.00924956431828E-17	
103	310	1	0	-3	0.8	5.212796015040692	5.00924956431828E-17	
103	311	0	0	-3	0.8	5.212796015040692	5.00924956431828E-17	
104	312	2	0	3	0.8	4.873796208574759	-1.44	
104	313	1	0	-3	0.8	4.873796208574759	-1.44	
104	314	0	0	-3	0.8	4.873796208574759	-1.44	
105	315	2	0	3	0.8	5.126203791425241	-1.44	
105	316	1	0	-3	0.8	5.126203791425241	-1.44	
105	317	0	0	-3	0.8	5.126203791425241	-1.44	
106	318	2	0	3	0.8	4.873796208574759	1.44	
106	319	1	0	-3	0.8	4.873796208574759	1.44	
106	320	0	0	-3	0.8	4.873796208574759	1.44	
107	321	2	0	3	0.8	5.126203791425241	1.44	
107	322	1	0	-3	0.8	5.126203791425241	1.44	
107	323	0	0	-3	0.8	5.126203791425241	1.44	
108	324	2	0	3	0.8	4.52	-0.3786113742757233	
108	325	1	0	-3	0.8	4.52	-0.3786113742757233	
108	326	0	0	-3	0.8	4.52	-0.3786113742757233	
109	327	2	0	3	0.8	5.48	-0.3786113742757233	
109	328	1	0	-3	0.8	5.48	-0.3786113742757233	
109	329	0	0	-3	0.8	5.48	-0.3786113742757233	
110	330	2	0	3	0.8	4.52	0.3786113742757233	
110	331	1	0	-3	0.8	4.52	0.3786113742757233	
110	332	0	0	-3	0.8	4.52	0.3786113742757233	
111	333	2	0	3	0.8	5.48	0.3786113742757233	
111	334	1	0	-3	0.8	5.48	0.3786113742757233	
111	335	0	0	-3	0.8	5.48	0.3786113742757233	
112	336	2	0	3	0.8	5.0	-0.6383880451220755	
112	337	1	0	-3	0.8	5.0	-0.6383880451220755	
112	338	0	0	-3	0.8	5.0	-0.6383880451220755	
113	339	2	0	3	0.8	5.0	-0.17986415321340898	
113	340	1	0	-3	0.8	5.0	-0.17986415321340898	
113	341	0	0	-3	0.8	5.0	-0.17986415321340898	
114	342	2	0	3	0.8	5.0	0.17986415321340884	
114	343	1	0	-3	0.8	5.0	0.17986415321340884	
114	344	0	0	-3	0.8	5.0	0.17986415321340884	
115	345	2	0	3	0.8	5.0	0.6383880451220759	
115	346	1	0	-3	0.8	5.0	0.6383880451220759	
115	347	0	0	-3	0.8	5.0	0.6383880451220759	
1
================ begin prepconfig configuration ================ 
Mach	0.3	0.0	10.0	0.15	0.0	10.0	0.0	-1.7976931348623157E308	1.7976931348623157E308	1.0	-1.7976931348623157E308	1.7976931348623157E308	4	69	3	-1	5
==== begin abscissa values for parameter: Mach ====
4
0.1
0.4
0.6
0.8
==== end abscissa values for parameter: Mach ====
AoA	5.0	0.0	10.0	0.12	0.0	10.0	0.0	-1.7976931348623157E308	1.7976931348623157E308	1.0	-1.7976931348623157E308	1.7976931348623157E308	4	29	2	2	5
Beta	0.0	0.0	10.0	0.36	0.0	10.0	0.0	-1.7976931348623157E308	1.7976931348623157E308	1.0	-1.7976931348623157E308	1.7976931348623157E308	4	29	2	2	5
================= end prepconfig configuration ================= 
1
================= begin MLMC and Error parameters ==============
3	0	1	1	0	1	2.0	0.5	1	
1
1.0	1.0
0
1
2
1	0	1.0	2.0	
================= end MLMC and Error parameters ==============
0
