#  number of independent evaluations (computer runs) required: 319
#  number of resolution (grid) levels required: 3
319 957 4 0
AoA	Beta	Mach	
0	0	2	0	3	0.0	1.57160684466362E-11	0.29999999999999993	
0	1	1	0	-3	0.0	1.57160684466362E-11	0.29999999999999993	
0	2	0	0	-3	0.0	1.57160684466362E-11	0.29999999999999993	
1	3	2	0	3	0.0	-1.08	0.29999999999999993	
1	4	1	0	-3	0.0	-1.08	0.29999999999999993	
1	5	0	0	-3	0.0	-1.08	0.29999999999999993	
2	6	2	0	3	0.0	1.08	0.29999999999999993	
2	7	1	0	-3	0.0	1.08	0.29999999999999993	
2	8	0	0	-3	0.0	1.08	0.29999999999999993	
3	9	2	0	3	0.0	1.57160684466362E-11	-0.14999999999999997	
3	10	1	0	-3	0.0	1.57160684466362E-11	-0.14999999999999997	
3	11	0	0	-3	0.0	1.57160684466362E-11	-0.14999999999999997	
4	12	2	0	3	0.0	1.57160684466362E-11	0.75	
4	13	1	0	-3	0.0	1.57160684466362E-11	0.75	
4	14	0	0	-3	0.0	1.57160684466362E-11	0.75	
5	15	2	0	3	0.0	-0.37715214805589387	0.29999999999999993	
5	16	1	0	-3	0.0	-0.37715214805589387	0.29999999999999993	
5	17	0	0	-3	0.0	-0.37715214805589387	0.29999999999999993	
6	18	2	0	3	0.0	0.37715214803698477	0.29999999999999993	
6	19	1	0	-3	0.0	0.37715214803698477	0.29999999999999993	
6	20	0	0	-3	0.0	0.37715214803698477	0.29999999999999993	
7	21	2	0	3	0.0	-1.08	-0.14999999999999997	
7	22	1	0	-3	0.0	-1.08	-0.14999999999999997	
7	23	0	0	-3	0.0	-1.08	-0.14999999999999997	
8	24	2	0	3	0.0	1.08	-0.14999999999999997	
8	25	1	0	-3	0.0	1.08	-0.14999999999999997	
8	26	0	0	-3	0.0	1.08	-0.14999999999999997	
9	27	2	0	3	0.0	-1.08	0.75	
9	28	1	0	-3	0.0	-1.08	0.75	
9	29	0	0	-3	0.0	-1.08	0.75	
10	30	2	0	3	0.0	1.08	0.75	
10	31	1	0	-3	0.0	1.08	0.75	
10	32	0	0	-3	0.0	1.08	0.75	
11	33	2	0	3	0.0	1.57160684466362E-11	0.1428532716433775	
11	34	1	0	-3	0.0	1.57160684466362E-11	0.1428532716433775	
11	35	0	0	-3	0.0	1.57160684466362E-11	0.1428532716433775	
12	36	2	0	3	0.0	1.57160684466362E-11	0.4571467283618404	
12	37	1	0	-3	0.0	1.57160684466362E-11	0.4571467283618404	
12	38	0	0	-3	0.0	1.57160684466362E-11	0.4571467283618404	
13	39	2	0	3	0.0	-0.6331610738809547	0.29999999999999993	
13	40	1	0	-3	0.0	-0.6331610738809547	0.29999999999999993	
13	41	0	0	-3	0.0	-0.6331610738809547	0.29999999999999993	
14	42	2	0	3	0.0	-0.17934860189328905	0.29999999999999993	
14	43	1	0	-3	0.0	-0.17934860189328905	0.29999999999999993	
14	44	0	0	-3	0.0	-0.17934860189328905	0.29999999999999993	
15	45	2	0	3	0.0	0.17934860189859653	0.29999999999999993	
15	46	1	0	-3	0.0	0.17934860189859653	0.29999999999999993	
15	47	0	0	-3	0.0	0.17934860189859653	0.29999999999999993	
16	48	2	0	3	0.0	0.6331610738800373	0.29999999999999993	
16	49	1	0	-3	0.0	0.6331610738800373	0.29999999999999993	
16	50	0	0	-3	0.0	0.6331610738800373	0.29999999999999993	
17	51	2	0	3	0.0	-0.37715214805589387	-0.14999999999999997	
17	52	1	0	-3	0.0	-0.37715214805589387	-0.14999999999999997	
17	53	0	0	-3	0.0	-0.37715214805589387	-0.14999999999999997	
18	54	2	0	3	0.0	0.37715214803698477	-0.14999999999999997	
18	55	1	0	-3	0.0	0.37715214803698477	-0.14999999999999997	
18	56	0	0	-3	0.0	0.37715214803698477	-0.14999999999999997	
19	57	2	0	3	0.0	-0.37715214805589387	0.75	
19	58	1	0	-3	0.0	-0.37715214805589387	0.75	
19	59	0	0	-3	0.0	-0.37715214805589387	0.75	
20	60	2	0	3	0.0	0.37715214803698477	0.75	
20	61	1	0	-3	0.0	0.37715214803698477	0.75	
20	62	0	0	-3	0.0	0.37715214803698477	0.75	
21	63	2	0	3	0.0	-1.08	0.1428532716433775	
21	64	1	0	-3	0.0	-1.08	0.1428532716433775	
21	65	0	0	-3	0.0	-1.08	0.1428532716433775	
22	66	2	0	3	0.0	1.08	0.1428532716433775	
22	67	1	0	-3	0.0	1.08	0.1428532716433775	
22	68	0	0	-3	0.0	1.08	0.1428532716433775	
23	69	2	0	3	0.0	-1.08	0.4571467283618404	
23	70	1	0	-3	0.0	-1.08	0.4571467283618404	
23	71	0	0	-3	0.0	-1.08	0.4571467283618404	
24	72	2	0	3	0.0	1.08	0.4571467283618404	
24	73	1	0	-3	0.0	1.08	0.4571467283618404	
24	74	0	0	-3	0.0	1.08	0.4571467283618404	
25	75	2	0	3	0.0	1.57160684466362E-11	0.036182885882935195	
25	76	1	0	-3	0.0	1.57160684466362E-11	0.036182885882935195	
25	77	0	0	-3	0.0	1.57160684466362E-11	0.036182885882935195	
26	78	2	0	3	0.0	1.57160684466362E-11	0.22527141587558466	
26	79	1	0	-3	0.0	1.57160684466362E-11	0.22527141587558466	
26	80	0	0	-3	0.0	1.57160684466362E-11	0.22527141587558466	
27	81	2	0	3	0.0	1.57160684466362E-11	0.37472858412441523	
27	82	1	0	-3	0.0	1.57160684466362E-11	0.37472858412441523	
27	83	0	0	-3	0.0	1.57160684466362E-11	0.37472858412441523	
28	84	2	0	3	0.0	1.57160684466362E-11	0.563817114129779	
28	85	1	0	-3	0.0	1.57160684466362E-11	0.563817114129779	
28	86	0	0	-3	0.0	1.57160684466362E-11	0.563817114129779	
29	87	2	0	3	1.0	1.57160684466362E-11	0.29999999999999993	
29	88	1	0	-3	1.0	1.57160684466362E-11	0.29999999999999993	
29	89	0	0	-3	1.0	1.57160684466362E-11	0.29999999999999993	
30	90	2	0	3	1.0	-1.08	0.29999999999999993	
30	91	1	0	-3	1.0	-1.08	0.29999999999999993	
30	92	0	0	-3	1.0	-1.08	0.29999999999999993	
31	93	2	0	3	1.0	1.08	0.29999999999999993	
31	94	1	0	-3	1.0	1.08	0.29999999999999993	
31	95	0	0	-3	1.0	1.08	0.29999999999999993	
32	96	2	0	3	1.0	1.57160684466362E-11	-0.14999999999999997	
32	97	1	0	-3	1.0	1.57160684466362E-11	-0.14999999999999997	
32	98	0	0	-3	1.0	1.57160684466362E-11	-0.14999999999999997	
33	99	2	0	3	1.0	1.57160684466362E-11	0.75	
33	100	1	0	-3	1.0	1.57160684466362E-11	0.75	
33	101	0	0	-3	1.0	1.57160684466362E-11	0.75	
34	102	2	0	3	1.0	-0.37715214805589387	0.29999999999999993	
34	103	1	0	-3	1.0	-0.37715214805589387	0.29999999999999993	
34	104	0	0	-3	1.0	-0.37715214805589387	0.29999999999999993	
35	105	2	0	3	1.0	0.37715214803698477	0.29999999999999993	
35	106	1	0	-3	1.0	0.37715214803698477	0.29999999999999993	
35	107	0	0	-3	1.0	0.37715214803698477	0.29999999999999993	
36	108	2	0	3	1.0	-1.08	-0.14999999999999997	
36	109	1	0	-3	1.0	-1.08	-0.14999999999999997	
36	110	0	0	-3	1.0	-1.08	-0.14999999999999997	
37	111	2	0	3	1.0	1.08	-0.14999999999999997	
37	112	1	0	-3	1.0	1.08	-0.14999999999999997	
37	113	0	0	-3	1.0	1.08	-0.14999999999999997	
38	114	2	0	3	1.0	-1.08	0.75	
38	115	1	0	-3	1.0	-1.08	0.75	
38	116	0	0	-3	1.0	-1.08	0.75	
39	117	2	0	3	1.0	1.08	0.75	
39	118	1	0	-3	1.0	1.08	0.75	
39	119	0	0	-3	1.0	1.08	0.75	
40	120	2	0	3	1.0	1.57160684466362E-11	0.1428532716433775	
40	121	1	0	-3	1.0	1.57160684466362E-11	0.1428532716433775	
40	122	0	0	-3	1.0	1.57160684466362E-11	0.1428532716433775	
41	123	2	0	3	1.0	1.57160684466362E-11	0.4571467283618404	
41	124	1	0	-3	1.0	1.57160684466362E-11	0.4571467283618404	
41	125	0	0	-3	1.0	1.57160684466362E-11	0.4571467283618404	
42	126	2	0	3	1.0	-0.6331610738809547	0.29999999999999993	
42	127	1	0	-3	1.0	-0.6331610738809547	0.29999999999999993	
42	128	0	0	-3	1.0	-0.6331610738809547	0.29999999999999993	
43	129	2	0	3	1.0	-0.17934860189328905	0.29999999999999993	
43	130	1	0	-3	1.0	-0.17934860189328905	0.29999999999999993	
43	131	0	0	-3	1.0	-0.17934860189328905	0.29999999999999993	
44	132	2	0	3	1.0	0.17934860189859653	0.29999999999999993	
44	133	1	0	-3	1.0	0.17934860189859653	0.29999999999999993	
44	134	0	0	-3	1.0	0.17934860189859653	0.29999999999999993	
45	135	2	0	3	1.0	0.6331610738800373	0.29999999999999993	
45	136	1	0	-3	1.0	0.6331610738800373	0.29999999999999993	
45	137	0	0	-3	1.0	0.6331610738800373	0.29999999999999993	
46	138	2	0	3	1.0	-0.37715214805589387	-0.14999999999999997	
46	139	1	0	-3	1.0	-0.37715214805589387	-0.14999999999999997	
46	140	0	0	-3	1.0	-0.37715214805589387	-0.14999999999999997	
47	141	2	0	3	1.0	0.37715214803698477	-0.14999999999999997	
47	142	1	0	-3	1.0	0.37715214803698477	-0.14999999999999997	
47	143	0	0	-3	1.0	0.37715214803698477	-0.14999999999999997	
48	144	2	0	3	1.0	-0.37715214805589387	0.75	
48	145	1	0	-3	1.0	-0.37715214805589387	0.75	
48	146	0	0	-3	1.0	-0.37715214805589387	0.75	
49	147	2	0	3	1.0	0.37715214803698477	0.75	
49	148	1	0	-3	1.0	0.37715214803698477	0.75	
49	149	0	0	-3	1.0	0.37715214803698477	0.75	
50	150	2	0	3	1.0	-1.08	0.1428532716433775	
50	151	1	0	-3	1.0	-1.08	0.1428532716433775	
50	152	0	0	-3	1.0	-1.08	0.1428532716433775	
51	153	2	0	3	1.0	1.08	0.1428532716433775	
51	154	1	0	-3	1.0	1.08	0.1428532716433775	
51	155	0	0	-3	1.0	1.08	0.1428532716433775	
52	156	2	0	3	1.0	-1.08	0.4571467283618404	
52	157	1	0	-3	1.0	-1.08	0.4571467283618404	
52	158	0	0	-3	1.0	-1.08	0.4571467283618404	
53	159	2	0	3	1.0	1.08	0.4571467283618404	
53	160	1	0	-3	1.0	1.08	0.4571467283618404	
53	161	0	0	-3	1.0	1.08	0.4571467283618404	
54	162	2	0	3	1.0	1.57160684466362E-11	0.036182885882935195	
54	163	1	0	-3	1.0	1.57160684466362E-11	0.036182885882935195	
54	164	0	0	-3	1.0	1.57160684466362E-11	0.036182885882935195	
55	165	2	0	3	1.0	1.57160684466362E-11	0.22527141587558466	
55	166	1	0	-3	1.0	1.57160684466362E-11	0.22527141587558466	
55	167	0	0	-3	1.0	1.57160684466362E-11	0.22527141587558466	
56	168	2	0	3	1.0	1.57160684466362E-11	0.37472858412441523	
56	169	1	0	-3	1.0	1.57160684466362E-11	0.37472858412441523	
56	170	0	0	-3	1.0	1.57160684466362E-11	0.37472858412441523	
57	171	2	0	3	1.0	1.57160684466362E-11	0.563817114129779	
57	172	1	0	-3	1.0	1.57160684466362E-11	0.563817114129779	
57	173	0	0	-3	1.0	1.57160684466362E-11	0.563817114129779	
58	174	2	0	3	2.0	1.57160684466362E-11	0.29999999999999993	
58	175	1	0	-3	2.0	1.57160684466362E-11	0.29999999999999993	
58	176	0	0	-3	2.0	1.57160684466362E-11	0.29999999999999993	
59	177	2	0	3	2.0	-1.08	0.29999999999999993	
59	178	1	0	-3	2.0	-1.08	0.29999999999999993	
59	179	0	0	-3	2.0	-1.08	0.29999999999999993	
60	180	2	0	3	2.0	1.08	0.29999999999999993	
60	181	1	0	-3	2.0	1.08	0.29999999999999993	
60	182	0	0	-3	2.0	1.08	0.29999999999999993	
61	183	2	0	3	2.0	1.57160684466362E-11	-0.14999999999999997	
61	184	1	0	-3	2.0	1.57160684466362E-11	-0.14999999999999997	
61	185	0	0	-3	2.0	1.57160684466362E-11	-0.14999999999999997	
62	186	2	0	3	2.0	1.57160684466362E-11	0.75	
62	187	1	0	-3	2.0	1.57160684466362E-11	0.75	
62	188	0	0	-3	2.0	1.57160684466362E-11	0.75	
63	189	2	0	3	2.0	-0.37715214805589387	0.29999999999999993	
63	190	1	0	-3	2.0	-0.37715214805589387	0.29999999999999993	
63	191	0	0	-3	2.0	-0.37715214805589387	0.29999999999999993	
64	192	2	0	3	2.0	0.37715214803698477	0.29999999999999993	
64	193	1	0	-3	2.0	0.37715214803698477	0.29999999999999993	
64	194	0	0	-3	2.0	0.37715214803698477	0.29999999999999993	
65	195	2	0	3	2.0	-1.08	-0.14999999999999997	
65	196	1	0	-3	2.0	-1.08	-0.14999999999999997	
65	197	0	0	-3	2.0	-1.08	-0.14999999999999997	
66	198	2	0	3	2.0	1.08	-0.14999999999999997	
66	199	1	0	-3	2.0	1.08	-0.14999999999999997	
66	200	0	0	-3	2.0	1.08	-0.14999999999999997	
67	201	2	0	3	2.0	-1.08	0.75	
67	202	1	0	-3	2.0	-1.08	0.75	
67	203	0	0	-3	2.0	-1.08	0.75	
68	204	2	0	3	2.0	1.08	0.75	
68	205	1	0	-3	2.0	1.08	0.75	
68	206	0	0	-3	2.0	1.08	0.75	
69	207	2	0	3	2.0	1.57160684466362E-11	0.1428532716433775	
69	208	1	0	-3	2.0	1.57160684466362E-11	0.1428532716433775	
69	209	0	0	-3	2.0	1.57160684466362E-11	0.1428532716433775	
70	210	2	0	3	2.0	1.57160684466362E-11	0.4571467283618404	
70	211	1	0	-3	2.0	1.57160684466362E-11	0.4571467283618404	
70	212	0	0	-3	2.0	1.57160684466362E-11	0.4571467283618404	
71	213	2	0	3	2.0	-0.6331610738809547	0.29999999999999993	
71	214	1	0	-3	2.0	-0.6331610738809547	0.29999999999999993	
71	215	0	0	-3	2.0	-0.6331610738809547	0.29999999999999993	
72	216	2	0	3	2.0	-0.17934860189328905	0.29999999999999993	
72	217	1	0	-3	2.0	-0.17934860189328905	0.29999999999999993	
72	218	0	0	-3	2.0	-0.17934860189328905	0.29999999999999993	
73	219	2	0	3	2.0	0.17934860189859653	0.29999999999999993	
73	220	1	0	-3	2.0	0.17934860189859653	0.29999999999999993	
73	221	0	0	-3	2.0	0.17934860189859653	0.29999999999999993	
74	222	2	0	3	2.0	0.6331610738800373	0.29999999999999993	
74	223	1	0	-3	2.0	0.6331610738800373	0.29999999999999993	
74	224	0	0	-3	2.0	0.6331610738800373	0.29999999999999993	
75	225	2	0	3	2.0	-0.37715214805589387	-0.14999999999999997	
75	226	1	0	-3	2.0	-0.37715214805589387	-0.14999999999999997	
75	227	0	0	-3	2.0	-0.37715214805589387	-0.14999999999999997	
76	228	2	0	3	2.0	0.37715214803698477	-0.14999999999999997	
76	229	1	0	-3	2.0	0.37715214803698477	-0.14999999999999997	
76	230	0	0	-3	2.0	0.37715214803698477	-0.14999999999999997	
77	231	2	0	3	2.0	-0.37715214805589387	0.75	
77	232	1	0	-3	2.0	-0.37715214805589387	0.75	
77	233	0	0	-3	2.0	-0.37715214805589387	0.75	
78	234	2	0	3	2.0	0.37715214803698477	0.75	
78	235	1	0	-3	2.0	0.37715214803698477	0.75	
78	236	0	0	-3	2.0	0.37715214803698477	0.75	
79	237	2	0	3	2.0	-1.08	0.1428532716433775	
79	238	1	0	-3	2.0	-1.08	0.1428532716433775	
79	239	0	0	-3	2.0	-1.08	0.1428532716433775	
80	240	2	0	3	2.0	1.08	0.1428532716433775	
80	241	1	0	-3	2.0	1.08	0.1428532716433775	
80	242	0	0	-3	2.0	1.08	0.1428532716433775	
81	243	2	0	3	2.0	-1.08	0.4571467283618404	
81	244	1	0	-3	2.0	-1.08	0.4571467283618404	
81	245	0	0	-3	2.0	-1.08	0.4571467283618404	
82	246	2	0	3	2.0	1.08	0.4571467283618404	
82	247	1	0	-3	2.0	1.08	0.4571467283618404	
82	248	0	0	-3	2.0	1.08	0.4571467283618404	
83	249	2	0	3	2.0	1.57160684466362E-11	0.036182885882935195	
83	250	1	0	-3	2.0	1.57160684466362E-11	0.036182885882935195	
83	251	0	0	-3	2.0	1.57160684466362E-11	0.036182885882935195	
84	252	2	0	3	2.0	1.57160684466362E-11	0.22527141587558466	
84	253	1	0	-3	2.0	1.57160684466362E-11	0.22527141587558466	
84	254	0	0	-3	2.0	1.57160684466362E-11	0.22527141587558466	
85	255	2	0	3	2.0	1.57160684466362E-11	0.37472858412441523	
85	256	1	0	-3	2.0	1.57160684466362E-11	0.37472858412441523	
85	257	0	0	-3	2.0	1.57160684466362E-11	0.37472858412441523	
86	258	2	0	3	2.0	1.57160684466362E-11	0.563817114129779	
86	259	1	0	-3	2.0	1.57160684466362E-11	0.563817114129779	
86	260	0	0	-3	2.0	1.57160684466362E-11	0.563817114129779	
87	261	2	0	3	3.0	1.57160684466362E-11	0.29999999999999993	
87	262	1	0	-3	3.0	1.57160684466362E-11	0.29999999999999993	
87	263	0	0	-3	3.0	1.57160684466362E-11	0.29999999999999993	
88	264	2	0	3	3.0	-1.08	0.29999999999999993	
88	265	1	0	-3	3.0	-1.08	0.29999999999999993	
88	266	0	0	-3	3.0	-1.08	0.29999999999999993	
89	267	2	0	3	3.0	1.08	0.29999999999999993	
89	268	1	0	-3	3.0	1.08	0.29999999999999993	
89	269	0	0	-3	3.0	1.08	0.29999999999999993	
90	270	2	0	3	3.0	1.57160684466362E-11	-0.14999999999999997	
90	271	1	0	-3	3.0	1.57160684466362E-11	-0.14999999999999997	
90	272	0	0	-3	3.0	1.57160684466362E-11	-0.14999999999999997	
91	273	2	0	3	3.0	1.57160684466362E-11	0.75	
91	274	1	0	-3	3.0	1.57160684466362E-11	0.75	
91	275	0	0	-3	3.0	1.57160684466362E-11	0.75	
92	276	2	0	3	3.0	-0.37715214805589387	0.29999999999999993	
92	277	1	0	-3	3.0	-0.37715214805589387	0.29999999999999993	
92	278	0	0	-3	3.0	-0.37715214805589387	0.29999999999999993	
93	279	2	0	3	3.0	0.37715214803698477	0.29999999999999993	
93	280	1	0	-3	3.0	0.37715214803698477	0.29999999999999993	
93	281	0	0	-3	3.0	0.37715214803698477	0.29999999999999993	
94	282	2	0	3	3.0	-1.08	-0.14999999999999997	
94	283	1	0	-3	3.0	-1.08	-0.14999999999999997	
94	284	0	0	-3	3.0	-1.08	-0.14999999999999997	
95	285	2	0	3	3.0	1.08	-0.14999999999999997	
95	286	1	0	-3	3.0	1.08	-0.14999999999999997	
95	287	0	0	-3	3.0	1.08	-0.14999999999999997	
96	288	2	0	3	3.0	-1.08	0.75	
96	289	1	0	-3	3.0	-1.08	0.75	
96	290	0	0	-3	3.0	-1.08	0.75	
97	291	2	0	3	3.0	1.08	0.75	
97	292	1	0	-3	3.0	1.08	0.75	
97	293	0	0	-3	3.0	1.08	0.75	
98	294	2	0	3	3.0	1.57160684466362E-11	0.1428532716433775	
98	295	1	0	-3	3.0	1.57160684466362E-11	0.1428532716433775	
98	296	0	0	-3	3.0	1.57160684466362E-11	0.1428532716433775	
99	297	2	0	3	3.0	1.57160684466362E-11	0.4571467283618404	
99	298	1	0	-3	3.0	1.57160684466362E-11	0.4571467283618404	
99	299	0	0	-3	3.0	1.57160684466362E-11	0.4571467283618404	
100	300	2	0	3	3.0	-0.6331610738809547	0.29999999999999993	
100	301	1	0	-3	3.0	-0.6331610738809547	0.29999999999999993	
100	302	0	0	-3	3.0	-0.6331610738809547	0.29999999999999993	
101	303	2	0	3	3.0	-0.17934860189328905	0.29999999999999993	
101	304	1	0	-3	3.0	-0.17934860189328905	0.29999999999999993	
101	305	0	0	-3	3.0	-0.17934860189328905	0.29999999999999993	
102	306	2	0	3	3.0	0.17934860189859653	0.29999999999999993	
102	307	1	0	-3	3.0	0.17934860189859653	0.29999999999999993	
102	308	0	0	-3	3.0	0.17934860189859653	0.29999999999999993	
103	309	2	0	3	3.0	0.6331610738800373	0.29999999999999993	
103	310	1	0	-3	3.0	0.6331610738800373	0.29999999999999993	
103	311	0	0	-3	3.0	0.6331610738800373	0.29999999999999993	
104	312	2	0	3	3.0	-0.37715214805589387	-0.14999999999999997	
104	313	1	0	-3	3.0	-0.37715214805589387	-0.14999999999999997	
104	314	0	0	-3	3.0	-0.37715214805589387	-0.14999999999999997	
105	315	2	0	3	3.0	0.37715214803698477	-0.14999999999999997	
105	316	1	0	-3	3.0	0.37715214803698477	-0.14999999999999997	
105	317	0	0	-3	3.0	0.37715214803698477	-0.14999999999999997	
106	318	2	0	3	3.0	-0.37715214805589387	0.75	
106	319	1	0	-3	3.0	-0.37715214805589387	0.75	
106	320	0	0	-3	3.0	-0.37715214805589387	0.75	
107	321	2	0	3	3.0	0.37715214803698477	0.75	
107	322	1	0	-3	3.0	0.37715214803698477	0.75	
107	323	0	0	-3	3.0	0.37715214803698477	0.75	
108	324	2	0	3	3.0	-1.08	0.1428532716433775	
108	325	1	0	-3	3.0	-1.08	0.1428532716433775	
108	326	0	0	-3	3.0	-1.08	0.1428532716433775	
109	327	2	0	3	3.0	1.08	0.1428532716433775	
109	328	1	0	-3	3.0	1.08	0.1428532716433775	
109	329	0	0	-3	3.0	1.08	0.1428532716433775	
110	330	2	0	3	3.0	-1.08	0.4571467283618404	
110	331	1	0	-3	3.0	-1.08	0.4571467283618404	
110	332	0	0	-3	3.0	-1.08	0.4571467283618404	
111	333	2	0	3	3.0	1.08	0.4571467283618404	
111	334	1	0	-3	3.0	1.08	0.4571467283618404	
111	335	0	0	-3	3.0	1.08	0.4571467283618404	
112	336	2	0	3	3.0	1.57160684466362E-11	0.036182885882935195	
112	337	1	0	-3	3.0	1.57160684466362E-11	0.036182885882935195	
112	338	0	0	-3	3.0	1.57160684466362E-11	0.036182885882935195	
113	339	2	0	3	3.0	1.57160684466362E-11	0.22527141587558466	
113	340	1	0	-3	3.0	1.57160684466362E-11	0.22527141587558466	
113	341	0	0	-3	3.0	1.57160684466362E-11	0.22527141587558466	
114	342	2	0	3	3.0	1.57160684466362E-11	0.37472858412441523	
114	343	1	0	-3	3.0	1.57160684466362E-11	0.37472858412441523	
114	344	0	0	-3	3.0	1.57160684466362E-11	0.37472858412441523	
115	345	2	0	3	3.0	1.57160684466362E-11	0.563817114129779	
115	346	1	0	-3	3.0	1.57160684466362E-11	0.563817114129779	
115	347	0	0	-3	3.0	1.57160684466362E-11	0.563817114129779	
116	348	2	0	3	4.0	1.57160684466362E-11	0.29999999999999993	
116	349	1	0	-3	4.0	1.57160684466362E-11	0.29999999999999993	
116	350	0	0	-3	4.0	1.57160684466362E-11	0.29999999999999993	
117	351	2	0	3	4.0	-1.08	0.29999999999999993	
117	352	1	0	-3	4.0	-1.08	0.29999999999999993	
117	353	0	0	-3	4.0	-1.08	0.29999999999999993	
118	354	2	0	3	4.0	1.08	0.29999999999999993	
118	355	1	0	-3	4.0	1.08	0.29999999999999993	
118	356	0	0	-3	4.0	1.08	0.29999999999999993	
119	357	2	0	3	4.0	1.57160684466362E-11	-0.14999999999999997	
119	358	1	0	-3	4.0	1.57160684466362E-11	-0.14999999999999997	
119	359	0	0	-3	4.0	1.57160684466362E-11	-0.14999999999999997	
120	360	2	0	3	4.0	1.57160684466362E-11	0.75	
120	361	1	0	-3	4.0	1.57160684466362E-11	0.75	
120	362	0	0	-3	4.0	1.57160684466362E-11	0.75	
121	363	2	0	3	4.0	-0.37715214805589387	0.29999999999999993	
121	364	1	0	-3	4.0	-0.37715214805589387	0.29999999999999993	
121	365	0	0	-3	4.0	-0.37715214805589387	0.29999999999999993	
122	366	2	0	3	4.0	0.37715214803698477	0.29999999999999993	
122	367	1	0	-3	4.0	0.37715214803698477	0.29999999999999993	
122	368	0	0	-3	4.0	0.37715214803698477	0.29999999999999993	
123	369	2	0	3	4.0	-1.08	-0.14999999999999997	
123	370	1	0	-3	4.0	-1.08	-0.14999999999999997	
123	371	0	0	-3	4.0	-1.08	-0.14999999999999997	
124	372	2	0	3	4.0	1.08	-0.14999999999999997	
124	373	1	0	-3	4.0	1.08	-0.14999999999999997	
124	374	0	0	-3	4.0	1.08	-0.14999999999999997	
125	375	2	0	3	4.0	-1.08	0.75	
125	376	1	0	-3	4.0	-1.08	0.75	
125	377	0	0	-3	4.0	-1.08	0.75	
126	378	2	0	3	4.0	1.08	0.75	
126	379	1	0	-3	4.0	1.08	0.75	
126	380	0	0	-3	4.0	1.08	0.75	
127	381	2	0	3	4.0	1.57160684466362E-11	0.1428532716433775	
127	382	1	0	-3	4.0	1.57160684466362E-11	0.1428532716433775	
127	383	0	0	-3	4.0	1.57160684466362E-11	0.1428532716433775	
128	384	2	0	3	4.0	1.57160684466362E-11	0.4571467283618404	
128	385	1	0	-3	4.0	1.57160684466362E-11	0.4571467283618404	
128	386	0	0	-3	4.0	1.57160684466362E-11	0.4571467283618404	
129	387	2	0	3	4.0	-0.6331610738809547	0.29999999999999993	
129	388	1	0	-3	4.0	-0.6331610738809547	0.29999999999999993	
129	389	0	0	-3	4.0	-0.6331610738809547	0.29999999999999993	
130	390	2	0	3	4.0	-0.17934860189328905	0.29999999999999993	
130	391	1	0	-3	4.0	-0.17934860189328905	0.29999999999999993	
130	392	0	0	-3	4.0	-0.17934860189328905	0.29999999999999993	
131	393	2	0	3	4.0	0.17934860189859653	0.29999999999999993	
131	394	1	0	-3	4.0	0.17934860189859653	0.29999999999999993	
131	395	0	0	-3	4.0	0.17934860189859653	0.29999999999999993	
132	396	2	0	3	4.0	0.6331610738800373	0.29999999999999993	
132	397	1	0	-3	4.0	0.6331610738800373	0.29999999999999993	
132	398	0	0	-3	4.0	0.6331610738800373	0.29999999999999993	
133	399	2	0	3	4.0	-0.37715214805589387	-0.14999999999999997	
133	400	1	0	-3	4.0	-0.37715214805589387	-0.14999999999999997	
133	401	0	0	-3	4.0	-0.37715214805589387	-0.14999999999999997	
134	402	2	0	3	4.0	0.37715214803698477	-0.14999999999999997	
134	403	1	0	-3	4.0	0.37715214803698477	-0.14999999999999997	
134	404	0	0	-3	4.0	0.37715214803698477	-0.14999999999999997	
135	405	2	0	3	4.0	-0.37715214805589387	0.75	
135	406	1	0	-3	4.0	-0.37715214805589387	0.75	
135	407	0	0	-3	4.0	-0.37715214805589387	0.75	
136	408	2	0	3	4.0	0.37715214803698477	0.75	
136	409	1	0	-3	4.0	0.37715214803698477	0.75	
136	410	0	0	-3	4.0	0.37715214803698477	0.75	
137	411	2	0	3	4.0	-1.08	0.1428532716433775	
137	412	1	0	-3	4.0	-1.08	0.1428532716433775	
137	413	0	0	-3	4.0	-1.08	0.1428532716433775	
138	414	2	0	3	4.0	1.08	0.1428532716433775	
138	415	1	0	-3	4.0	1.08	0.1428532716433775	
138	416	0	0	-3	4.0	1.08	0.1428532716433775	
139	417	2	0	3	4.0	-1.08	0.4571467283618404	
139	418	1	0	-3	4.0	-1.08	0.4571467283618404	
139	419	0	0	-3	4.0	-1.08	0.4571467283618404	
140	420	2	0	3	4.0	1.08	0.4571467283618404	
140	421	1	0	-3	4.0	1.08	0.4571467283618404	
140	422	0	0	-3	4.0	1.08	0.4571467283618404	
141	423	2	0	3	4.0	1.57160684466362E-11	0.036182885882935195	
141	424	1	0	-3	4.0	1.57160684466362E-11	0.036182885882935195	
141	425	0	0	-3	4.0	1.57160684466362E-11	0.036182885882935195	
142	426	2	0	3	4.0	1.57160684466362E-11	0.22527141587558466	
142	427	1	0	-3	4.0	1.57160684466362E-11	0.22527141587558466	
142	428	0	0	-3	4.0	1.57160684466362E-11	0.22527141587558466	
143	429	2	0	3	4.0	1.57160684466362E-11	0.37472858412441523	
143	430	1	0	-3	4.0	1.57160684466362E-11	0.37472858412441523	
143	431	0	0	-3	4.0	1.57160684466362E-11	0.37472858412441523	
144	432	2	0	3	4.0	1.57160684466362E-11	0.563817114129779	
144	433	1	0	-3	4.0	1.57160684466362E-11	0.563817114129779	
144	434	0	0	-3	4.0	1.57160684466362E-11	0.563817114129779	
145	435	2	0	3	5.0	1.57160684466362E-11	0.29999999999999993	
145	436	1	0	-3	5.0	1.57160684466362E-11	0.29999999999999993	
145	437	0	0	-3	5.0	1.57160684466362E-11	0.29999999999999993	
146	438	2	0	3	5.0	-1.08	0.29999999999999993	
146	439	1	0	-3	5.0	-1.08	0.29999999999999993	
146	440	0	0	-3	5.0	-1.08	0.29999999999999993	
147	441	2	0	3	5.0	1.08	0.29999999999999993	
147	442	1	0	-3	5.0	1.08	0.29999999999999993	
147	443	0	0	-3	5.0	1.08	0.29999999999999993	
148	444	2	0	3	5.0	1.57160684466362E-11	-0.14999999999999997	
148	445	1	0	-3	5.0	1.57160684466362E-11	-0.14999999999999997	
148	446	0	0	-3	5.0	1.57160684466362E-11	-0.14999999999999997	
149	447	2	0	3	5.0	1.57160684466362E-11	0.75	
149	448	1	0	-3	5.0	1.57160684466362E-11	0.75	
149	449	0	0	-3	5.0	1.57160684466362E-11	0.75	
150	450	2	0	3	5.0	-0.37715214805589387	0.29999999999999993	
150	451	1	0	-3	5.0	-0.37715214805589387	0.29999999999999993	
150	452	0	0	-3	5.0	-0.37715214805589387	0.29999999999999993	
151	453	2	0	3	5.0	0.37715214803698477	0.29999999999999993	
151	454	1	0	-3	5.0	0.37715214803698477	0.29999999999999993	
151	455	0	0	-3	5.0	0.37715214803698477	0.29999999999999993	
152	456	2	0	3	5.0	-1.08	-0.14999999999999997	
152	457	1	0	-3	5.0	-1.08	-0.14999999999999997	
152	458	0	0	-3	5.0	-1.08	-0.14999999999999997	
153	459	2	0	3	5.0	1.08	-0.14999999999999997	
153	460	1	0	-3	5.0	1.08	-0.14999999999999997	
153	461	0	0	-3	5.0	1.08	-0.14999999999999997	
154	462	2	0	3	5.0	-1.08	0.75	
154	463	1	0	-3	5.0	-1.08	0.75	
154	464	0	0	-3	5.0	-1.08	0.75	
155	465	2	0	3	5.0	1.08	0.75	
155	466	1	0	-3	5.0	1.08	0.75	
155	467	0	0	-3	5.0	1.08	0.75	
156	468	2	0	3	5.0	1.57160684466362E-11	0.1428532716433775	
156	469	1	0	-3	5.0	1.57160684466362E-11	0.1428532716433775	
156	470	0	0	-3	5.0	1.57160684466362E-11	0.1428532716433775	
157	471	2	0	3	5.0	1.57160684466362E-11	0.4571467283618404	
157	472	1	0	-3	5.0	1.57160684466362E-11	0.4571467283618404	
157	473	0	0	-3	5.0	1.57160684466362E-11	0.4571467283618404	
158	474	2	0	3	5.0	-0.6331610738809547	0.29999999999999993	
158	475	1	0	-3	5.0	-0.6331610738809547	0.29999999999999993	
158	476	0	0	-3	5.0	-0.6331610738809547	0.29999999999999993	
159	477	2	0	3	5.0	-0.17934860189328905	0.29999999999999993	
159	478	1	0	-3	5.0	-0.17934860189328905	0.29999999999999993	
159	479	0	0	-3	5.0	-0.17934860189328905	0.29999999999999993	
160	480	2	0	3	5.0	0.17934860189859653	0.29999999999999993	
160	481	1	0	-3	5.0	0.17934860189859653	0.29999999999999993	
160	482	0	0	-3	5.0	0.17934860189859653	0.29999999999999993	
161	483	2	0	3	5.0	0.6331610738800373	0.29999999999999993	
161	484	1	0	-3	5.0	0.6331610738800373	0.29999999999999993	
161	485	0	0	-3	5.0	0.6331610738800373	0.29999999999999993	
162	486	2	0	3	5.0	-0.37715214805589387	-0.14999999999999997	
162	487	1	0	-3	5.0	-0.37715214805589387	-0.14999999999999997	
162	488	0	0	-3	5.0	-0.37715214805589387	-0.14999999999999997	
163	489	2	0	3	5.0	0.37715214803698477	-0.14999999999999997	
163	490	1	0	-3	5.0	0.37715214803698477	-0.14999999999999997	
163	491	0	0	-3	5.0	0.37715214803698477	-0.14999999999999997	
164	492	2	0	3	5.0	-0.37715214805589387	0.75	
164	493	1	0	-3	5.0	-0.37715214805589387	0.75	
164	494	0	0	-3	5.0	-0.37715214805589387	0.75	
165	495	2	0	3	5.0	0.37715214803698477	0.75	
165	496	1	0	-3	5.0	0.37715214803698477	0.75	
165	497	0	0	-3	5.0	0.37715214803698477	0.75	
166	498	2	0	3	5.0	-1.08	0.1428532716433775	
166	499	1	0	-3	5.0	-1.08	0.1428532716433775	
166	500	0	0	-3	5.0	-1.08	0.1428532716433775	
167	501	2	0	3	5.0	1.08	0.1428532716433775	
167	502	1	0	-3	5.0	1.08	0.1428532716433775	
167	503	0	0	-3	5.0	1.08	0.1428532716433775	
168	504	2	0	3	5.0	-1.08	0.4571467283618404	
168	505	1	0	-3	5.0	-1.08	0.4571467283618404	
168	506	0	0	-3	5.0	-1.08	0.4571467283618404	
169	507	2	0	3	5.0	1.08	0.4571467283618404	
169	508	1	0	-3	5.0	1.08	0.4571467283618404	
169	509	0	0	-3	5.0	1.08	0.4571467283618404	
170	510	2	0	3	5.0	1.57160684466362E-11	0.036182885882935195	
170	511	1	0	-3	5.0	1.57160684466362E-11	0.036182885882935195	
170	512	0	0	-3	5.0	1.57160684466362E-11	0.036182885882935195	
171	513	2	0	3	5.0	1.57160684466362E-11	0.22527141587558466	
171	514	1	0	-3	5.0	1.57160684466362E-11	0.22527141587558466	
171	515	0	0	-3	5.0	1.57160684466362E-11	0.22527141587558466	
172	516	2	0	3	5.0	1.57160684466362E-11	0.37472858412441523	
172	517	1	0	-3	5.0	1.57160684466362E-11	0.37472858412441523	
172	518	0	0	-3	5.0	1.57160684466362E-11	0.37472858412441523	
173	519	2	0	3	5.0	1.57160684466362E-11	0.563817114129779	
173	520	1	0	-3	5.0	1.57160684466362E-11	0.563817114129779	
173	521	0	0	-3	5.0	1.57160684466362E-11	0.563817114129779	
174	522	2	0	3	6.0	1.57160684466362E-11	0.29999999999999993	
174	523	1	0	-3	6.0	1.57160684466362E-11	0.29999999999999993	
174	524	0	0	-3	6.0	1.57160684466362E-11	0.29999999999999993	
175	525	2	0	3	6.0	-1.08	0.29999999999999993	
175	526	1	0	-3	6.0	-1.08	0.29999999999999993	
175	527	0	0	-3	6.0	-1.08	0.29999999999999993	
176	528	2	0	3	6.0	1.08	0.29999999999999993	
176	529	1	0	-3	6.0	1.08	0.29999999999999993	
176	530	0	0	-3	6.0	1.08	0.29999999999999993	
177	531	2	0	3	6.0	1.57160684466362E-11	-0.14999999999999997	
177	532	1	0	-3	6.0	1.57160684466362E-11	-0.14999999999999997	
177	533	0	0	-3	6.0	1.57160684466362E-11	-0.14999999999999997	
178	534	2	0	3	6.0	1.57160684466362E-11	0.75	
178	535	1	0	-3	6.0	1.57160684466362E-11	0.75	
178	536	0	0	-3	6.0	1.57160684466362E-11	0.75	
179	537	2	0	3	6.0	-0.37715214805589387	0.29999999999999993	
179	538	1	0	-3	6.0	-0.37715214805589387	0.29999999999999993	
179	539	0	0	-3	6.0	-0.37715214805589387	0.29999999999999993	
180	540	2	0	3	6.0	0.37715214803698477	0.29999999999999993	
180	541	1	0	-3	6.0	0.37715214803698477	0.29999999999999993	
180	542	0	0	-3	6.0	0.37715214803698477	0.29999999999999993	
181	543	2	0	3	6.0	-1.08	-0.14999999999999997	
181	544	1	0	-3	6.0	-1.08	-0.14999999999999997	
181	545	0	0	-3	6.0	-1.08	-0.14999999999999997	
182	546	2	0	3	6.0	1.08	-0.14999999999999997	
182	547	1	0	-3	6.0	1.08	-0.14999999999999997	
182	548	0	0	-3	6.0	1.08	-0.14999999999999997	
183	549	2	0	3	6.0	-1.08	0.75	
183	550	1	0	-3	6.0	-1.08	0.75	
183	551	0	0	-3	6.0	-1.08	0.75	
184	552	2	0	3	6.0	1.08	0.75	
184	553	1	0	-3	6.0	1.08	0.75	
184	554	0	0	-3	6.0	1.08	0.75	
185	555	2	0	3	6.0	1.57160684466362E-11	0.1428532716433775	
185	556	1	0	-3	6.0	1.57160684466362E-11	0.1428532716433775	
185	557	0	0	-3	6.0	1.57160684466362E-11	0.1428532716433775	
186	558	2	0	3	6.0	1.57160684466362E-11	0.4571467283618404	
186	559	1	0	-3	6.0	1.57160684466362E-11	0.4571467283618404	
186	560	0	0	-3	6.0	1.57160684466362E-11	0.4571467283618404	
187	561	2	0	3	6.0	-0.6331610738809547	0.29999999999999993	
187	562	1	0	-3	6.0	-0.6331610738809547	0.29999999999999993	
187	563	0	0	-3	6.0	-0.6331610738809547	0.29999999999999993	
188	564	2	0	3	6.0	-0.17934860189328905	0.29999999999999993	
188	565	1	0	-3	6.0	-0.17934860189328905	0.29999999999999993	
188	566	0	0	-3	6.0	-0.17934860189328905	0.29999999999999993	
189	567	2	0	3	6.0	0.17934860189859653	0.29999999999999993	
189	568	1	0	-3	6.0	0.17934860189859653	0.29999999999999993	
189	569	0	0	-3	6.0	0.17934860189859653	0.29999999999999993	
190	570	2	0	3	6.0	0.6331610738800373	0.29999999999999993	
190	571	1	0	-3	6.0	0.6331610738800373	0.29999999999999993	
190	572	0	0	-3	6.0	0.6331610738800373	0.29999999999999993	
191	573	2	0	3	6.0	-0.37715214805589387	-0.14999999999999997	
191	574	1	0	-3	6.0	-0.37715214805589387	-0.14999999999999997	
191	575	0	0	-3	6.0	-0.37715214805589387	-0.14999999999999997	
192	576	2	0	3	6.0	0.37715214803698477	-0.14999999999999997	
192	577	1	0	-3	6.0	0.37715214803698477	-0.14999999999999997	
192	578	0	0	-3	6.0	0.37715214803698477	-0.14999999999999997	
193	579	2	0	3	6.0	-0.37715214805589387	0.75	
193	580	1	0	-3	6.0	-0.37715214805589387	0.75	
193	581	0	0	-3	6.0	-0.37715214805589387	0.75	
194	582	2	0	3	6.0	0.37715214803698477	0.75	
194	583	1	0	-3	6.0	0.37715214803698477	0.75	
194	584	0	0	-3	6.0	0.37715214803698477	0.75	
195	585	2	0	3	6.0	-1.08	0.1428532716433775	
195	586	1	0	-3	6.0	-1.08	0.1428532716433775	
195	587	0	0	-3	6.0	-1.08	0.1428532716433775	
196	588	2	0	3	6.0	1.08	0.1428532716433775	
196	589	1	0	-3	6.0	1.08	0.1428532716433775	
196	590	0	0	-3	6.0	1.08	0.1428532716433775	
197	591	2	0	3	6.0	-1.08	0.4571467283618404	
197	592	1	0	-3	6.0	-1.08	0.4571467283618404	
197	593	0	0	-3	6.0	-1.08	0.4571467283618404	
198	594	2	0	3	6.0	1.08	0.4571467283618404	
198	595	1	0	-3	6.0	1.08	0.4571467283618404	
198	596	0	0	-3	6.0	1.08	0.4571467283618404	
199	597	2	0	3	6.0	1.57160684466362E-11	0.036182885882935195	
199	598	1	0	-3	6.0	1.57160684466362E-11	0.036182885882935195	
199	599	0	0	-3	6.0	1.57160684466362E-11	0.036182885882935195	
200	600	2	0	3	6.0	1.57160684466362E-11	0.22527141587558466	
200	601	1	0	-3	6.0	1.57160684466362E-11	0.22527141587558466	
200	602	0	0	-3	6.0	1.57160684466362E-11	0.22527141587558466	
201	603	2	0	3	6.0	1.57160684466362E-11	0.37472858412441523	
201	604	1	0	-3	6.0	1.57160684466362E-11	0.37472858412441523	
201	605	0	0	-3	6.0	1.57160684466362E-11	0.37472858412441523	
202	606	2	0	3	6.0	1.57160684466362E-11	0.563817114129779	
202	607	1	0	-3	6.0	1.57160684466362E-11	0.563817114129779	
202	608	0	0	-3	6.0	1.57160684466362E-11	0.563817114129779	
203	609	2	0	3	7.0	1.57160684466362E-11	0.29999999999999993	
203	610	1	0	-3	7.0	1.57160684466362E-11	0.29999999999999993	
203	611	0	0	-3	7.0	1.57160684466362E-11	0.29999999999999993	
204	612	2	0	3	7.0	-1.08	0.29999999999999993	
204	613	1	0	-3	7.0	-1.08	0.29999999999999993	
204	614	0	0	-3	7.0	-1.08	0.29999999999999993	
205	615	2	0	3	7.0	1.08	0.29999999999999993	
205	616	1	0	-3	7.0	1.08	0.29999999999999993	
205	617	0	0	-3	7.0	1.08	0.29999999999999993	
206	618	2	0	3	7.0	1.57160684466362E-11	-0.14999999999999997	
206	619	1	0	-3	7.0	1.57160684466362E-11	-0.14999999999999997	
206	620	0	0	-3	7.0	1.57160684466362E-11	-0.14999999999999997	
207	621	2	0	3	7.0	1.57160684466362E-11	0.75	
207	622	1	0	-3	7.0	1.57160684466362E-11	0.75	
207	623	0	0	-3	7.0	1.57160684466362E-11	0.75	
208	624	2	0	3	7.0	-0.37715214805589387	0.29999999999999993	
208	625	1	0	-3	7.0	-0.37715214805589387	0.29999999999999993	
208	626	0	0	-3	7.0	-0.37715214805589387	0.29999999999999993	
209	627	2	0	3	7.0	0.37715214803698477	0.29999999999999993	
209	628	1	0	-3	7.0	0.37715214803698477	0.29999999999999993	
209	629	0	0	-3	7.0	0.37715214803698477	0.29999999999999993	
210	630	2	0	3	7.0	-1.08	-0.14999999999999997	
210	631	1	0	-3	7.0	-1.08	-0.14999999999999997	
210	632	0	0	-3	7.0	-1.08	-0.14999999999999997	
211	633	2	0	3	7.0	1.08	-0.14999999999999997	
211	634	1	0	-3	7.0	1.08	-0.14999999999999997	
211	635	0	0	-3	7.0	1.08	-0.14999999999999997	
212	636	2	0	3	7.0	-1.08	0.75	
212	637	1	0	-3	7.0	-1.08	0.75	
212	638	0	0	-3	7.0	-1.08	0.75	
213	639	2	0	3	7.0	1.08	0.75	
213	640	1	0	-3	7.0	1.08	0.75	
213	641	0	0	-3	7.0	1.08	0.75	
214	642	2	0	3	7.0	1.57160684466362E-11	0.1428532716433775	
214	643	1	0	-3	7.0	1.57160684466362E-11	0.1428532716433775	
214	644	0	0	-3	7.0	1.57160684466362E-11	0.1428532716433775	
215	645	2	0	3	7.0	1.57160684466362E-11	0.4571467283618404	
215	646	1	0	-3	7.0	1.57160684466362E-11	0.4571467283618404	
215	647	0	0	-3	7.0	1.57160684466362E-11	0.4571467283618404	
216	648	2	0	3	7.0	-0.6331610738809547	0.29999999999999993	
216	649	1	0	-3	7.0	-0.6331610738809547	0.29999999999999993	
216	650	0	0	-3	7.0	-0.6331610738809547	0.29999999999999993	
217	651	2	0	3	7.0	-0.17934860189328905	0.29999999999999993	
217	652	1	0	-3	7.0	-0.17934860189328905	0.29999999999999993	
217	653	0	0	-3	7.0	-0.17934860189328905	0.29999999999999993	
218	654	2	0	3	7.0	0.17934860189859653	0.29999999999999993	
218	655	1	0	-3	7.0	0.17934860189859653	0.29999999999999993	
218	656	0	0	-3	7.0	0.17934860189859653	0.29999999999999993	
219	657	2	0	3	7.0	0.6331610738800373	0.29999999999999993	
219	658	1	0	-3	7.0	0.6331610738800373	0.29999999999999993	
219	659	0	0	-3	7.0	0.6331610738800373	0.29999999999999993	
220	660	2	0	3	7.0	-0.37715214805589387	-0.14999999999999997	
220	661	1	0	-3	7.0	-0.37715214805589387	-0.14999999999999997	
220	662	0	0	-3	7.0	-0.37715214805589387	-0.14999999999999997	
221	663	2	0	3	7.0	0.37715214803698477	-0.14999999999999997	
221	664	1	0	-3	7.0	0.37715214803698477	-0.14999999999999997	
221	665	0	0	-3	7.0	0.37715214803698477	-0.14999999999999997	
222	666	2	0	3	7.0	-0.37715214805589387	0.75	
222	667	1	0	-3	7.0	-0.37715214805589387	0.75	
222	668	0	0	-3	7.0	-0.37715214805589387	0.75	
223	669	2	0	3	7.0	0.37715214803698477	0.75	
223	670	1	0	-3	7.0	0.37715214803698477	0.75	
223	671	0	0	-3	7.0	0.37715214803698477	0.75	
224	672	2	0	3	7.0	-1.08	0.1428532716433775	
224	673	1	0	-3	7.0	-1.08	0.1428532716433775	
224	674	0	0	-3	7.0	-1.08	0.1428532716433775	
225	675	2	0	3	7.0	1.08	0.1428532716433775	
225	676	1	0	-3	7.0	1.08	0.1428532716433775	
225	677	0	0	-3	7.0	1.08	0.1428532716433775	
226	678	2	0	3	7.0	-1.08	0.4571467283618404	
226	679	1	0	-3	7.0	-1.08	0.4571467283618404	
226	680	0	0	-3	7.0	-1.08	0.4571467283618404	
227	681	2	0	3	7.0	1.08	0.4571467283618404	
227	682	1	0	-3	7.0	1.08	0.4571467283618404	
227	683	0	0	-3	7.0	1.08	0.4571467283618404	
228	684	2	0	3	7.0	1.57160684466362E-11	0.036182885882935195	
228	685	1	0	-3	7.0	1.57160684466362E-11	0.036182885882935195	
228	686	0	0	-3	7.0	1.57160684466362E-11	0.036182885882935195	
229	687	2	0	3	7.0	1.57160684466362E-11	0.22527141587558466	
229	688	1	0	-3	7.0	1.57160684466362E-11	0.22527141587558466	
229	689	0	0	-3	7.0	1.57160684466362E-11	0.22527141587558466	
230	690	2	0	3	7.0	1.57160684466362E-11	0.37472858412441523	
230	691	1	0	-3	7.0	1.57160684466362E-11	0.37472858412441523	
230	692	0	0	-3	7.0	1.57160684466362E-11	0.37472858412441523	
231	693	2	0	3	7.0	1.57160684466362E-11	0.563817114129779	
231	694	1	0	-3	7.0	1.57160684466362E-11	0.563817114129779	
231	695	0	0	-3	7.0	1.57160684466362E-11	0.563817114129779	
232	696	2	0	3	8.0	1.57160684466362E-11	0.29999999999999993	
232	697	1	0	-3	8.0	1.57160684466362E-11	0.29999999999999993	
232	698	0	0	-3	8.0	1.57160684466362E-11	0.29999999999999993	
233	699	2	0	3	8.0	-1.08	0.29999999999999993	
233	700	1	0	-3	8.0	-1.08	0.29999999999999993	
233	701	0	0	-3	8.0	-1.08	0.29999999999999993	
234	702	2	0	3	8.0	1.08	0.29999999999999993	
234	703	1	0	-3	8.0	1.08	0.29999999999999993	
234	704	0	0	-3	8.0	1.08	0.29999999999999993	
235	705	2	0	3	8.0	1.57160684466362E-11	-0.14999999999999997	
235	706	1	0	-3	8.0	1.57160684466362E-11	-0.14999999999999997	
235	707	0	0	-3	8.0	1.57160684466362E-11	-0.14999999999999997	
236	708	2	0	3	8.0	1.57160684466362E-11	0.75	
236	709	1	0	-3	8.0	1.57160684466362E-11	0.75	
236	710	0	0	-3	8.0	1.57160684466362E-11	0.75	
237	711	2	0	3	8.0	-0.37715214805589387	0.29999999999999993	
237	712	1	0	-3	8.0	-0.37715214805589387	0.29999999999999993	
237	713	0	0	-3	8.0	-0.37715214805589387	0.29999999999999993	
238	714	2	0	3	8.0	0.37715214803698477	0.29999999999999993	
238	715	1	0	-3	8.0	0.37715214803698477	0.29999999999999993	
238	716	0	0	-3	8.0	0.37715214803698477	0.29999999999999993	
239	717	2	0	3	8.0	-1.08	-0.14999999999999997	
239	718	1	0	-3	8.0	-1.08	-0.14999999999999997	
239	719	0	0	-3	8.0	-1.08	-0.14999999999999997	
240	720	2	0	3	8.0	1.08	-0.14999999999999997	
240	721	1	0	-3	8.0	1.08	-0.14999999999999997	
240	722	0	0	-3	8.0	1.08	-0.14999999999999997	
241	723	2	0	3	8.0	-1.08	0.75	
241	724	1	0	-3	8.0	-1.08	0.75	
241	725	0	0	-3	8.0	-1.08	0.75	
242	726	2	0	3	8.0	1.08	0.75	
242	727	1	0	-3	8.0	1.08	0.75	
242	728	0	0	-3	8.0	1.08	0.75	
243	729	2	0	3	8.0	1.57160684466362E-11	0.1428532716433775	
243	730	1	0	-3	8.0	1.57160684466362E-11	0.1428532716433775	
243	731	0	0	-3	8.0	1.57160684466362E-11	0.1428532716433775	
244	732	2	0	3	8.0	1.57160684466362E-11	0.4571467283618404	
244	733	1	0	-3	8.0	1.57160684466362E-11	0.4571467283618404	
244	734	0	0	-3	8.0	1.57160684466362E-11	0.4571467283618404	
245	735	2	0	3	8.0	-0.6331610738809547	0.29999999999999993	
245	736	1	0	-3	8.0	-0.6331610738809547	0.29999999999999993	
245	737	0	0	-3	8.0	-0.6331610738809547	0.29999999999999993	
246	738	2	0	3	8.0	-0.17934860189328905	0.29999999999999993	
246	739	1	0	-3	8.0	-0.17934860189328905	0.29999999999999993	
246	740	0	0	-3	8.0	-0.17934860189328905	0.29999999999999993	
247	741	2	0	3	8.0	0.17934860189859653	0.29999999999999993	
247	742	1	0	-3	8.0	0.17934860189859653	0.29999999999999993	
247	743	0	0	-3	8.0	0.17934860189859653	0.29999999999999993	
248	744	2	0	3	8.0	0.6331610738800373	0.29999999999999993	
248	745	1	0	-3	8.0	0.6331610738800373	0.29999999999999993	
248	746	0	0	-3	8.0	0.6331610738800373	0.29999999999999993	
249	747	2	0	3	8.0	-0.37715214805589387	-0.14999999999999997	
249	748	1	0	-3	8.0	-0.37715214805589387	-0.14999999999999997	
249	749	0	0	-3	8.0	-0.37715214805589387	-0.14999999999999997	
250	750	2	0	3	8.0	0.37715214803698477	-0.14999999999999997	
250	751	1	0	-3	8.0	0.37715214803698477	-0.14999999999999997	
250	752	0	0	-3	8.0	0.37715214803698477	-0.14999999999999997	
251	753	2	0	3	8.0	-0.37715214805589387	0.75	
251	754	1	0	-3	8.0	-0.37715214805589387	0.75	
251	755	0	0	-3	8.0	-0.37715214805589387	0.75	
252	756	2	0	3	8.0	0.37715214803698477	0.75	
252	757	1	0	-3	8.0	0.37715214803698477	0.75	
252	758	0	0	-3	8.0	0.37715214803698477	0.75	
253	759	2	0	3	8.0	-1.08	0.1428532716433775	
253	760	1	0	-3	8.0	-1.08	0.1428532716433775	
253	761	0	0	-3	8.0	-1.08	0.1428532716433775	
254	762	2	0	3	8.0	1.08	0.1428532716433775	
254	763	1	0	-3	8.0	1.08	0.1428532716433775	
254	764	0	0	-3	8.0	1.08	0.1428532716433775	
255	765	2	0	3	8.0	-1.08	0.4571467283618404	
255	766	1	0	-3	8.0	-1.08	0.4571467283618404	
255	767	0	0	-3	8.0	-1.08	0.4571467283618404	
256	768	2	0	3	8.0	1.08	0.4571467283618404	
256	769	1	0	-3	8.0	1.08	0.4571467283618404	
256	770	0	0	-3	8.0	1.08	0.4571467283618404	
257	771	2	0	3	8.0	1.57160684466362E-11	0.036182885882935195	
257	772	1	0	-3	8.0	1.57160684466362E-11	0.036182885882935195	
257	773	0	0	-3	8.0	1.57160684466362E-11	0.036182885882935195	
258	774	2	0	3	8.0	1.57160684466362E-11	0.22527141587558466	
258	775	1	0	-3	8.0	1.57160684466362E-11	0.22527141587558466	
258	776	0	0	-3	8.0	1.57160684466362E-11	0.22527141587558466	
259	777	2	0	3	8.0	1.57160684466362E-11	0.37472858412441523	
259	778	1	0	-3	8.0	1.57160684466362E-11	0.37472858412441523	
259	779	0	0	-3	8.0	1.57160684466362E-11	0.37472858412441523	
260	780	2	0	3	8.0	1.57160684466362E-11	0.563817114129779	
260	781	1	0	-3	8.0	1.57160684466362E-11	0.563817114129779	
260	782	0	0	-3	8.0	1.57160684466362E-11	0.563817114129779	
261	783	2	0	3	9.0	1.57160684466362E-11	0.29999999999999993	
261	784	1	0	-3	9.0	1.57160684466362E-11	0.29999999999999993	
261	785	0	0	-3	9.0	1.57160684466362E-11	0.29999999999999993	
262	786	2	0	3	9.0	-1.08	0.29999999999999993	
262	787	1	0	-3	9.0	-1.08	0.29999999999999993	
262	788	0	0	-3	9.0	-1.08	0.29999999999999993	
263	789	2	0	3	9.0	1.08	0.29999999999999993	
263	790	1	0	-3	9.0	1.08	0.29999999999999993	
263	791	0	0	-3	9.0	1.08	0.29999999999999993	
264	792	2	0	3	9.0	1.57160684466362E-11	-0.14999999999999997	
264	793	1	0	-3	9.0	1.57160684466362E-11	-0.14999999999999997	
264	794	0	0	-3	9.0	1.57160684466362E-11	-0.14999999999999997	
265	795	2	0	3	9.0	1.57160684466362E-11	0.75	
265	796	1	0	-3	9.0	1.57160684466362E-11	0.75	
265	797	0	0	-3	9.0	1.57160684466362E-11	0.75	
266	798	2	0	3	9.0	-0.37715214805589387	0.29999999999999993	
266	799	1	0	-3	9.0	-0.37715214805589387	0.29999999999999993	
266	800	0	0	-3	9.0	-0.37715214805589387	0.29999999999999993	
267	801	2	0	3	9.0	0.37715214803698477	0.29999999999999993	
267	802	1	0	-3	9.0	0.37715214803698477	0.29999999999999993	
267	803	0	0	-3	9.0	0.37715214803698477	0.29999999999999993	
268	804	2	0	3	9.0	-1.08	-0.14999999999999997	
268	805	1	0	-3	9.0	-1.08	-0.14999999999999997	
268	806	0	0	-3	9.0	-1.08	-0.14999999999999997	
269	807	2	0	3	9.0	1.08	-0.14999999999999997	
269	808	1	0	-3	9.0	1.08	-0.14999999999999997	
269	809	0	0	-3	9.0	1.08	-0.14999999999999997	
270	810	2	0	3	9.0	-1.08	0.75	
270	811	1	0	-3	9.0	-1.08	0.75	
270	812	0	0	-3	9.0	-1.08	0.75	
271	813	2	0	3	9.0	1.08	0.75	
271	814	1	0	-3	9.0	1.08	0.75	
271	815	0	0	-3	9.0	1.08	0.75	
272	816	2	0	3	9.0	1.57160684466362E-11	0.1428532716433775	
272	817	1	0	-3	9.0	1.57160684466362E-11	0.1428532716433775	
272	818	0	0	-3	9.0	1.57160684466362E-11	0.1428532716433775	
273	819	2	0	3	9.0	1.57160684466362E-11	0.4571467283618404	
273	820	1	0	-3	9.0	1.57160684466362E-11	0.4571467283618404	
273	821	0	0	-3	9.0	1.57160684466362E-11	0.4571467283618404	
274	822	2	0	3	9.0	-0.6331610738809547	0.29999999999999993	
274	823	1	0	-3	9.0	-0.6331610738809547	0.29999999999999993	
274	824	0	0	-3	9.0	-0.6331610738809547	0.29999999999999993	
275	825	2	0	3	9.0	-0.17934860189328905	0.29999999999999993	
275	826	1	0	-3	9.0	-0.17934860189328905	0.29999999999999993	
275	827	0	0	-3	9.0	-0.17934860189328905	0.29999999999999993	
276	828	2	0	3	9.0	0.17934860189859653	0.29999999999999993	
276	829	1	0	-3	9.0	0.17934860189859653	0.29999999999999993	
276	830	0	0	-3	9.0	0.17934860189859653	0.29999999999999993	
277	831	2	0	3	9.0	0.6331610738800373	0.29999999999999993	
277	832	1	0	-3	9.0	0.6331610738800373	0.29999999999999993	
277	833	0	0	-3	9.0	0.6331610738800373	0.29999999999999993	
278	834	2	0	3	9.0	-0.37715214805589387	-0.14999999999999997	
278	835	1	0	-3	9.0	-0.37715214805589387	-0.14999999999999997	
278	836	0	0	-3	9.0	-0.37715214805589387	-0.14999999999999997	
279	837	2	0	3	9.0	0.37715214803698477	-0.14999999999999997	
279	838	1	0	-3	9.0	0.37715214803698477	-0.14999999999999997	
279	839	0	0	-3	9.0	0.37715214803698477	-0.14999999999999997	
280	840	2	0	3	9.0	-0.37715214805589387	0.75	
280	841	1	0	-3	9.0	-0.37715214805589387	0.75	
280	842	0	0	-3	9.0	-0.37715214805589387	0.75	
281	843	2	0	3	9.0	0.37715214803698477	0.75	
281	844	1	0	-3	9.0	0.37715214803698477	0.75	
281	845	0	0	-3	9.0	0.37715214803698477	0.75	
282	846	2	0	3	9.0	-1.08	0.1428532716433775	
282	847	1	0	-3	9.0	-1.08	0.1428532716433775	
282	848	0	0	-3	9.0	-1.08	0.1428532716433775	
283	849	2	0	3	9.0	1.08	0.1428532716433775	
283	850	1	0	-3	9.0	1.08	0.1428532716433775	
283	851	0	0	-3	9.0	1.08	0.1428532716433775	
284	852	2	0	3	9.0	-1.08	0.4571467283618404	
284	853	1	0	-3	9.0	-1.08	0.4571467283618404	
284	854	0	0	-3	9.0	-1.08	0.4571467283618404	
285	855	2	0	3	9.0	1.08	0.4571467283618404	
285	856	1	0	-3	9.0	1.08	0.4571467283618404	
285	857	0	0	-3	9.0	1.08	0.4571467283618404	
286	858	2	0	3	9.0	1.57160684466362E-11	0.036182885882935195	
286	859	1	0	-3	9.0	1.57160684466362E-11	0.036182885882935195	
286	860	0	0	-3	9.0	1.57160684466362E-11	0.036182885882935195	
287	861	2	0	3	9.0	1.57160684466362E-11	0.22527141587558466	
287	862	1	0	-3	9.0	1.57160684466362E-11	0.22527141587558466	
287	863	0	0	-3	9.0	1.57160684466362E-11	0.22527141587558466	
288	864	2	0	3	9.0	1.57160684466362E-11	0.37472858412441523	
288	865	1	0	-3	9.0	1.57160684466362E-11	0.37472858412441523	
288	866	0	0	-3	9.0	1.57160684466362E-11	0.37472858412441523	
289	867	2	0	3	9.0	1.57160684466362E-11	0.563817114129779	
289	868	1	0	-3	9.0	1.57160684466362E-11	0.563817114129779	
289	869	0	0	-3	9.0	1.57160684466362E-11	0.563817114129779	
290	870	2	0	3	10.0	1.57160684466362E-11	0.29999999999999993	
290	871	1	0	-3	10.0	1.57160684466362E-11	0.29999999999999993	
290	872	0	0	-3	10.0	1.57160684466362E-11	0.29999999999999993	
291	873	2	0	3	10.0	-1.08	0.29999999999999993	
291	874	1	0	-3	10.0	-1.08	0.29999999999999993	
291	875	0	0	-3	10.0	-1.08	0.29999999999999993	
292	876	2	0	3	10.0	1.08	0.29999999999999993	
292	877	1	0	-3	10.0	1.08	0.29999999999999993	
292	878	0	0	-3	10.0	1.08	0.29999999999999993	
293	879	2	0	3	10.0	1.57160684466362E-11	-0.14999999999999997	
293	880	1	0	-3	10.0	1.57160684466362E-11	-0.14999999999999997	
293	881	0	0	-3	10.0	1.57160684466362E-11	-0.14999999999999997	
294	882	2	0	3	10.0	1.57160684466362E-11	0.75	
294	883	1	0	-3	10.0	1.57160684466362E-11	0.75	
294	884	0	0	-3	10.0	1.57160684466362E-11	0.75	
295	885	2	0	3	10.0	-0.37715214805589387	0.29999999999999993	
295	886	1	0	-3	10.0	-0.37715214805589387	0.29999999999999993	
295	887	0	0	-3	10.0	-0.37715214805589387	0.29999999999999993	
296	888	2	0	3	10.0	0.37715214803698477	0.29999999999999993	
296	889	1	0	-3	10.0	0.37715214803698477	0.29999999999999993	
296	890	0	0	-3	10.0	0.37715214803698477	0.29999999999999993	
297	891	2	0	3	10.0	-1.08	-0.14999999999999997	
297	892	1	0	-3	10.0	-1.08	-0.14999999999999997	
297	893	0	0	-3	10.0	-1.08	-0.14999999999999997	
298	894	2	0	3	10.0	1.08	-0.14999999999999997	
298	895	1	0	-3	10.0	1.08	-0.14999999999999997	
298	896	0	0	-3	10.0	1.08	-0.14999999999999997	
299	897	2	0	3	10.0	-1.08	0.75	
299	898	1	0	-3	10.0	-1.08	0.75	
299	899	0	0	-3	10.0	-1.08	0.75	
300	900	2	0	3	10.0	1.08	0.75	
300	901	1	0	-3	10.0	1.08	0.75	
300	902	0	0	-3	10.0	1.08	0.75	
301	903	2	0	3	10.0	1.57160684466362E-11	0.1428532716433775	
301	904	1	0	-3	10.0	1.57160684466362E-11	0.1428532716433775	
301	905	0	0	-3	10.0	1.57160684466362E-11	0.1428532716433775	
302	906	2	0	3	10.0	1.57160684466362E-11	0.4571467283618404	
302	907	1	0	-3	10.0	1.57160684466362E-11	0.4571467283618404	
302	908	0	0	-3	10.0	1.57160684466362E-11	0.4571467283618404	
303	909	2	0	3	10.0	-0.6331610738809547	0.29999999999999993	
303	910	1	0	-3	10.0	-0.6331610738809547	0.29999999999999993	
303	911	0	0	-3	10.0	-0.6331610738809547	0.29999999999999993	
304	912	2	0	3	10.0	-0.17934860189328905	0.29999999999999993	
304	913	1	0	-3	10.0	-0.17934860189328905	0.29999999999999993	
304	914	0	0	-3	10.0	-0.17934860189328905	0.29999999999999993	
305	915	2	0	3	10.0	0.17934860189859653	0.29999999999999993	
305	916	1	0	-3	10.0	0.17934860189859653	0.29999999999999993	
305	917	0	0	-3	10.0	0.17934860189859653	0.29999999999999993	
306	918	2	0	3	10.0	0.6331610738800373	0.29999999999999993	
306	919	1	0	-3	10.0	0.6331610738800373	0.29999999999999993	
306	920	0	0	-3	10.0	0.6331610738800373	0.29999999999999993	
307	921	2	0	3	10.0	-0.37715214805589387	-0.14999999999999997	
307	922	1	0	-3	10.0	-0.37715214805589387	-0.14999999999999997	
307	923	0	0	-3	10.0	-0.37715214805589387	-0.14999999999999997	
308	924	2	0	3	10.0	0.37715214803698477	-0.14999999999999997	
308	925	1	0	-3	10.0	0.37715214803698477	-0.14999999999999997	
308	926	0	0	-3	10.0	0.37715214803698477	-0.14999999999999997	
309	927	2	0	3	10.0	-0.37715214805589387	0.75	
309	928	1	0	-3	10.0	-0.37715214805589387	0.75	
309	929	0	0	-3	10.0	-0.37715214805589387	0.75	
310	930	2	0	3	10.0	0.37715214803698477	0.75	
310	931	1	0	-3	10.0	0.37715214803698477	0.75	
310	932	0	0	-3	10.0	0.37715214803698477	0.75	
311	933	2	0	3	10.0	-1.08	0.1428532716433775	
311	934	1	0	-3	10.0	-1.08	0.1428532716433775	
311	935	0	0	-3	10.0	-1.08	0.1428532716433775	
312	936	2	0	3	10.0	1.08	0.1428532716433775	
312	937	1	0	-3	10.0	1.08	0.1428532716433775	
312	938	0	0	-3	10.0	1.08	0.1428532716433775	
313	939	2	0	3	10.0	-1.08	0.4571467283618404	
313	940	1	0	-3	10.0	-1.08	0.4571467283618404	
313	941	0	0	-3	10.0	-1.08	0.4571467283618404	
314	942	2	0	3	10.0	1.08	0.4571467283618404	
314	943	1	0	-3	10.0	1.08	0.4571467283618404	
314	944	0	0	-3	10.0	1.08	0.4571467283618404	
315	945	2	0	3	10.0	1.57160684466362E-11	0.036182885882935195	
315	946	1	0	-3	10.0	1.57160684466362E-11	0.036182885882935195	
315	947	0	0	-3	10.0	1.57160684466362E-11	0.036182885882935195	
316	948	2	0	3	10.0	1.57160684466362E-11	0.22527141587558466	
316	949	1	0	-3	10.0	1.57160684466362E-11	0.22527141587558466	
316	950	0	0	-3	10.0	1.57160684466362E-11	0.22527141587558466	
317	951	2	0	3	10.0	1.57160684466362E-11	0.37472858412441523	
317	952	1	0	-3	10.0	1.57160684466362E-11	0.37472858412441523	
317	953	0	0	-3	10.0	1.57160684466362E-11	0.37472858412441523	
318	954	2	0	3	10.0	1.57160684466362E-11	0.563817114129779	
318	955	1	0	-3	10.0	1.57160684466362E-11	0.563817114129779	
318	956	0	0	-3	10.0	1.57160684466362E-11	0.563817114129779	
1
================ begin prepconfig configuration ================ 
AoA	5.0	0.0	10.0	0.12	0.0	10.0	0.0	-1.7976931348623157E308	1.7976931348623157E308	1.0	-1.7976931348623157E308	1.7976931348623157E308	0	0	1	-1	1
==== begin abscissa values for parameter: AoA ====
11
0.0
1.0
2.0
3.0
4.0
5.0
6.0
7.0
8.0
9.0
10.0
==== end abscissa values for parameter: AoA ====
Beta	0.0	0.0	10.0	0.36	0.0	10.0	0.0	-1.7976931348623157E308	1.7976931348623157E308	1.0	-1.7976931348623157E308	1.7976931348623157E308	4	29	2	1	5
Mach	0.3	0.0	10.0	0.15	0.0	10.0	0.0	-1.7976931348623157E308	1.7976931348623157E308	1.0	-1.7976931348623157E308	1.7976931348623157E308	4	29	2	1	5
================= end prepconfig configuration ================= 
1
================= begin MLMC and Error parameters ==============
3	0	1	1	0	1	2.0	0.5	1	
1
1.0	1.0
0
1
2
1	0	1.0	2.0	
================= end MLMC and Error parameters ==============
0
