#  number of independent evaluations (computer runs) required: 116
#  number of resolution (grid) levels required: 3
116 348 4 0
Beta	AoA	Mach	
0	0	2	0	3	0.0	5.0	0.30000000000000004	
0	1	1	0	-3	0.0	5.0	0.30000000000000004	
0	2	0	0	-3	0.0	5.0	0.30000000000000004	
1	3	2	0	3	0.0	4.52	0.30000000000000004	
1	4	1	0	-3	0.0	4.52	0.30000000000000004	
1	5	0	0	-3	0.0	4.52	0.30000000000000004	
2	6	2	0	3	0.0	5.48	0.30000000000000004	
2	7	1	0	-3	0.0	5.48	0.30000000000000004	
2	8	0	0	-3	0.0	5.48	0.30000000000000004	
3	9	2	0	3	0.0	5.0	-0.3	
3	10	1	0	-3	0.0	5.0	-0.3	
3	11	0	0	-3	0.0	5.0	-0.3	
4	12	2	0	3	0.0	5.0	0.8999999999999999	
4	13	1	0	-3	0.0	5.0	0.8999999999999999	
4	14	0	0	-3	0.0	5.0	0.8999999999999999	
5	15	2	0	3	0.0	4.873796208574759	0.30000000000000004	
5	16	1	0	-3	0.0	4.873796208574759	0.30000000000000004	
5	17	0	0	-3	0.0	4.873796208574759	0.30000000000000004	
6	18	2	0	3	0.0	5.126203791425241	0.30000000000000004	
6	19	1	0	-3	0.0	5.126203791425241	0.30000000000000004	
6	20	0	0	-3	0.0	5.126203791425241	0.30000000000000004	
7	21	2	0	3	0.0	4.52	-0.3	
7	22	1	0	-3	0.0	4.52	-0.3	
7	23	0	0	-3	0.0	4.52	-0.3	
8	24	2	0	3	0.0	5.48	-0.3	
8	25	1	0	-3	0.0	5.48	-0.3	
8	26	0	0	-3	0.0	5.48	-0.3	
9	27	2	0	3	0.0	4.52	0.8999999999999999	
9	28	1	0	-3	0.0	4.52	0.8999999999999999	
9	29	0	0	-3	0.0	4.52	0.8999999999999999	
10	30	2	0	3	0.0	5.48	0.8999999999999999	
10	31	1	0	-3	0.0	5.48	0.8999999999999999	
10	32	0	0	-3	0.0	5.48	0.8999999999999999	
11	33	2	0	3	0.0	5.0	0.14224526071844865	
11	34	1	0	-3	0.0	5.0	0.14224526071844865	
11	35	0	0	-3	0.0	5.0	0.14224526071844865	
12	36	2	0	3	0.0	5.0	0.4577547392815514	
12	37	1	0	-3	0.0	5.0	0.4577547392815514	
12	38	0	0	-3	0.0	5.0	0.4577547392815514	
13	39	2	0	3	0.0	4.787203984959308	0.30000000000000004	
13	40	1	0	-3	0.0	4.787203984959308	0.30000000000000004	
13	41	0	0	-3	0.0	4.787203984959308	0.30000000000000004	
14	42	2	0	3	0.0	4.940045282262197	0.30000000000000004	
14	43	1	0	-3	0.0	4.940045282262197	0.30000000000000004	
14	44	0	0	-3	0.0	4.940045282262197	0.30000000000000004	
15	45	2	0	3	0.0	5.059954717737803	0.30000000000000004	
15	46	1	0	-3	0.0	5.059954717737803	0.30000000000000004	
15	47	0	0	-3	0.0	5.059954717737803	0.30000000000000004	
16	48	2	0	3	0.0	5.212796015040692	0.30000000000000004	
16	49	1	0	-3	0.0	5.212796015040692	0.30000000000000004	
16	50	0	0	-3	0.0	5.212796015040692	0.30000000000000004	
17	51	2	0	3	0.0	4.873796208574759	-0.3	
17	52	1	0	-3	0.0	4.873796208574759	-0.3	
17	53	0	0	-3	0.0	4.873796208574759	-0.3	
18	54	2	0	3	0.0	5.126203791425241	-0.3	
18	55	1	0	-3	0.0	5.126203791425241	-0.3	
18	56	0	0	-3	0.0	5.126203791425241	-0.3	
19	57	2	0	3	0.0	4.873796208574759	0.8999999999999999	
19	58	1	0	-3	0.0	4.873796208574759	0.8999999999999999	
19	59	0	0	-3	0.0	4.873796208574759	0.8999999999999999	
20	60	2	0	3	0.0	5.126203791425241	0.8999999999999999	
20	61	1	0	-3	0.0	5.126203791425241	0.8999999999999999	
20	62	0	0	-3	0.0	5.126203791425241	0.8999999999999999	
21	63	2	0	3	0.0	4.52	0.14224526071844865	
21	64	1	0	-3	0.0	4.52	0.14224526071844865	
21	65	0	0	-3	0.0	4.52	0.14224526071844865	
22	66	2	0	3	0.0	5.48	0.14224526071844865	
22	67	1	0	-3	0.0	5.48	0.14224526071844865	
22	68	0	0	-3	0.0	5.48	0.14224526071844865	
23	69	2	0	3	0.0	4.52	0.4577547392815514	
23	70	1	0	-3	0.0	4.52	0.4577547392815514	
23	71	0	0	-3	0.0	4.52	0.4577547392815514	
24	72	2	0	3	0.0	5.48	0.4577547392815514	
24	73	1	0	-3	0.0	5.48	0.4577547392815514	
24	74	0	0	-3	0.0	5.48	0.4577547392815514	
25	75	2	0	3	0.0	5.0	0.03400498119913514	
25	76	1	0	-3	0.0	5.0	0.03400498119913514	
25	77	0	0	-3	0.0	5.0	0.03400498119913514	
26	78	2	0	3	0.0	5.0	0.22505660283495665	
26	79	1	0	-3	0.0	5.0	0.22505660283495665	
26	80	0	0	-3	0.0	5.0	0.22505660283495665	
27	81	2	0	3	0.0	5.0	0.37494339717225367	
27	82	1	0	-3	0.0	5.0	0.37494339717225367	
27	83	0	0	-3	0.0	5.0	0.37494339717225367	
28	84	2	0	3	0.0	5.0	0.5659950188008657	
28	85	1	0	-3	0.0	5.0	0.5659950188008657	
28	86	0	0	-3	0.0	5.0	0.5659950188008657	
29	87	2	0	3	2.0	5.0	0.30000000000000004	
29	88	1	0	-3	2.0	5.0	0.30000000000000004	
29	89	0	0	-3	2.0	5.0	0.30000000000000004	
30	90	2	0	3	2.0	4.52	0.30000000000000004	
30	91	1	0	-3	2.0	4.52	0.30000000000000004	
30	92	0	0	-3	2.0	4.52	0.30000000000000004	
31	93	2	0	3	2.0	5.48	0.30000000000000004	
31	94	1	0	-3	2.0	5.48	0.30000000000000004	
31	95	0	0	-3	2.0	5.48	0.30000000000000004	
32	96	2	0	3	2.0	5.0	-0.3	
32	97	1	0	-3	2.0	5.0	-0.3	
32	98	0	0	-3	2.0	5.0	-0.3	
33	99	2	0	3	2.0	5.0	0.8999999999999999	
33	100	1	0	-3	2.0	5.0	0.8999999999999999	
33	101	0	0	-3	2.0	5.0	0.8999999999999999	
34	102	2	0	3	2.0	4.873796208574759	0.30000000000000004	
34	103	1	0	-3	2.0	4.873796208574759	0.30000000000000004	
34	104	0	0	-3	2.0	4.873796208574759	0.30000000000000004	
35	105	2	0	3	2.0	5.126203791425241	0.30000000000000004	
35	106	1	0	-3	2.0	5.126203791425241	0.30000000000000004	
35	107	0	0	-3	2.0	5.126203791425241	0.30000000000000004	
36	108	2	0	3	2.0	4.52	-0.3	
36	109	1	0	-3	2.0	4.52	-0.3	
36	110	0	0	-3	2.0	4.52	-0.3	
37	111	2	0	3	2.0	5.48	-0.3	
37	112	1	0	-3	2.0	5.48	-0.3	
37	113	0	0	-3	2.0	5.48	-0.3	
38	114	2	0	3	2.0	4.52	0.8999999999999999	
38	115	1	0	-3	2.0	4.52	0.8999999999999999	
38	116	0	0	-3	2.0	4.52	0.8999999999999999	
39	117	2	0	3	2.0	5.48	0.8999999999999999	
39	118	1	0	-3	2.0	5.48	0.8999999999999999	
39	119	0	0	-3	2.0	5.48	0.8999999999999999	
40	120	2	0	3	2.0	5.0	0.14224526071844865	
40	121	1	0	-3	2.0	5.0	0.14224526071844865	
40	122	0	0	-3	2.0	5.0	0.14224526071844865	
41	123	2	0	3	2.0	5.0	0.4577547392815514	
41	124	1	0	-3	2.0	5.0	0.4577547392815514	
41	125	0	0	-3	2.0	5.0	0.4577547392815514	
42	126	2	0	3	2.0	4.787203984959308	0.30000000000000004	
42	127	1	0	-3	2.0	4.787203984959308	0.30000000000000004	
42	128	0	0	-3	2.0	4.787203984959308	0.30000000000000004	
43	129	2	0	3	2.0	4.940045282262197	0.30000000000000004	
43	130	1	0	-3	2.0	4.940045282262197	0.30000000000000004	
43	131	0	0	-3	2.0	4.940045282262197	0.30000000000000004	
44	132	2	0	3	2.0	5.059954717737803	0.30000000000000004	
44	133	1	0	-3	2.0	5.059954717737803	0.30000000000000004	
44	134	0	0	-3	2.0	5.059954717737803	0.30000000000000004	
45	135	2	0	3	2.0	5.212796015040692	0.30000000000000004	
45	136	1	0	-3	2.0	5.212796015040692	0.30000000000000004	
45	137	0	0	-3	2.0	5.212796015040692	0.30000000000000004	
46	138	2	0	3	2.0	4.873796208574759	-0.3	
46	139	1	0	-3	2.0	4.873796208574759	-0.3	
46	140	0	0	-3	2.0	4.873796208574759	-0.3	
47	141	2	0	3	2.0	5.126203791425241	-0.3	
47	142	1	0	-3	2.0	5.126203791425241	-0.3	
47	143	0	0	-3	2.0	5.126203791425241	-0.3	
48	144	2	0	3	2.0	4.873796208574759	0.8999999999999999	
48	145	1	0	-3	2.0	4.873796208574759	0.8999999999999999	
48	146	0	0	-3	2.0	4.873796208574759	0.8999999999999999	
49	147	2	0	3	2.0	5.126203791425241	0.8999999999999999	
49	148	1	0	-3	2.0	5.126203791425241	0.8999999999999999	
49	149	0	0	-3	2.0	5.126203791425241	0.8999999999999999	
50	150	2	0	3	2.0	4.52	0.14224526071844865	
50	151	1	0	-3	2.0	4.52	0.14224526071844865	
50	152	0	0	-3	2.0	4.52	0.14224526071844865	
51	153	2	0	3	2.0	5.48	0.14224526071844865	
51	154	1	0	-3	2.0	5.48	0.14224526071844865	
51	155	0	0	-3	2.0	5.48	0.14224526071844865	
52	156	2	0	3	2.0	4.52	0.4577547392815514	
52	157	1	0	-3	2.0	4.52	0.4577547392815514	
52	158	0	0	-3	2.0	4.52	0.4577547392815514	
53	159	2	0	3	2.0	5.48	0.4577547392815514	
53	160	1	0	-3	2.0	5.48	0.4577547392815514	
53	161	0	0	-3	2.0	5.48	0.4577547392815514	
54	162	2	0	3	2.0	5.0	0.03400498119913514	
54	163	1	0	-3	2.0	5.0	0.03400498119913514	
54	164	0	0	-3	2.0	5.0	0.03400498119913514	
55	165	2	0	3	2.0	5.0	0.22505660283495665	
55	166	1	0	-3	2.0	5.0	0.22505660283495665	
55	167	0	0	-3	2.0	5.0	0.22505660283495665	
56	168	2	0	3	2.0	5.0	0.37494339717225367	
56	169	1	0	-3	2.0	5.0	0.37494339717225367	
56	170	0	0	-3	2.0	5.0	0.37494339717225367	
57	171	2	0	3	2.0	5.0	0.5659950188008657	
57	172	1	0	-3	2.0	5.0	0.5659950188008657	
57	173	0	0	-3	2.0	5.0	0.5659950188008657	
58	174	2	0	3	4.0	5.0	0.30000000000000004	
58	175	1	0	-3	4.0	5.0	0.30000000000000004	
58	176	0	0	-3	4.0	5.0	0.30000000000000004	
59	177	2	0	3	4.0	4.52	0.30000000000000004	
59	178	1	0	-3	4.0	4.52	0.30000000000000004	
59	179	0	0	-3	4.0	4.52	0.30000000000000004	
60	180	2	0	3	4.0	5.48	0.30000000000000004	
60	181	1	0	-3	4.0	5.48	0.30000000000000004	
60	182	0	0	-3	4.0	5.48	0.30000000000000004	
61	183	2	0	3	4.0	5.0	-0.3	
61	184	1	0	-3	4.0	5.0	-0.3	
61	185	0	0	-3	4.0	5.0	-0.3	
62	186	2	0	3	4.0	5.0	0.8999999999999999	
62	187	1	0	-3	4.0	5.0	0.8999999999999999	
62	188	0	0	-3	4.0	5.0	0.8999999999999999	
63	189	2	0	3	4.0	4.873796208574759	0.30000000000000004	
63	190	1	0	-3	4.0	4.873796208574759	0.30000000000000004	
63	191	0	0	-3	4.0	4.873796208574759	0.30000000000000004	
64	192	2	0	3	4.0	5.126203791425241	0.30000000000000004	
64	193	1	0	-3	4.0	5.126203791425241	0.30000000000000004	
64	194	0	0	-3	4.0	5.126203791425241	0.30000000000000004	
65	195	2	0	3	4.0	4.52	-0.3	
65	196	1	0	-3	4.0	4.52	-0.3	
65	197	0	0	-3	4.0	4.52	-0.3	
66	198	2	0	3	4.0	5.48	-0.3	
66	199	1	0	-3	4.0	5.48	-0.3	
66	200	0	0	-3	4.0	5.48	-0.3	
67	201	2	0	3	4.0	4.52	0.8999999999999999	
67	202	1	0	-3	4.0	4.52	0.8999999999999999	
67	203	0	0	-3	4.0	4.52	0.8999999999999999	
68	204	2	0	3	4.0	5.48	0.8999999999999999	
68	205	1	0	-3	4.0	5.48	0.8999999999999999	
68	206	0	0	-3	4.0	5.48	0.8999999999999999	
69	207	2	0	3	4.0	5.0	0.14224526071844865	
69	208	1	0	-3	4.0	5.0	0.14224526071844865	
69	209	0	0	-3	4.0	5.0	0.14224526071844865	
70	210	2	0	3	4.0	5.0	0.4577547392815514	
70	211	1	0	-3	4.0	5.0	0.4577547392815514	
70	212	0	0	-3	4.0	5.0	0.4577547392815514	
71	213	2	0	3	4.0	4.787203984959308	0.30000000000000004	
71	214	1	0	-3	4.0	4.787203984959308	0.30000000000000004	
71	215	0	0	-3	4.0	4.787203984959308	0.30000000000000004	
72	216	2	0	3	4.0	4.940045282262197	0.30000000000000004	
72	217	1	0	-3	4.0	4.940045282262197	0.30000000000000004	
72	218	0	0	-3	4.0	4.940045282262197	0.30000000000000004	
73	219	2	0	3	4.0	5.059954717737803	0.30000000000000004	
73	220	1	0	-3	4.0	5.059954717737803	0.30000000000000004	
73	221	0	0	-3	4.0	5.059954717737803	0.30000000000000004	
74	222	2	0	3	4.0	5.212796015040692	0.30000000000000004	
74	223	1	0	-3	4.0	5.212796015040692	0.30000000000000004	
74	224	0	0	-3	4.0	5.212796015040692	0.30000000000000004	
75	225	2	0	3	4.0	4.873796208574759	-0.3	
75	226	1	0	-3	4.0	4.873796208574759	-0.3	
75	227	0	0	-3	4.0	4.873796208574759	-0.3	
76	228	2	0	3	4.0	5.126203791425241	-0.3	
76	229	1	0	-3	4.0	5.126203791425241	-0.3	
76	230	0	0	-3	4.0	5.126203791425241	-0.3	
77	231	2	0	3	4.0	4.873796208574759	0.8999999999999999	
77	232	1	0	-3	4.0	4.873796208574759	0.8999999999999999	
77	233	0	0	-3	4.0	4.873796208574759	0.8999999999999999	
78	234	2	0	3	4.0	5.126203791425241	0.8999999999999999	
78	235	1	0	-3	4.0	5.126203791425241	0.8999999999999999	
78	236	0	0	-3	4.0	5.126203791425241	0.8999999999999999	
79	237	2	0	3	4.0	4.52	0.14224526071844865	
79	238	1	0	-3	4.0	4.52	0.14224526071844865	
79	239	0	0	-3	4.0	4.52	0.14224526071844865	
80	240	2	0	3	4.0	5.48	0.14224526071844865	
80	241	1	0	-3	4.0	5.48	0.14224526071844865	
80	242	0	0	-3	4.0	5.48	0.14224526071844865	
81	243	2	0	3	4.0	4.52	0.4577547392815514	
81	244	1	0	-3	4.0	4.52	0.4577547392815514	
81	245	0	0	-3	4.0	4.52	0.4577547392815514	
82	246	2	0	3	4.0	5.48	0.4577547392815514	
82	247	1	0	-3	4.0	5.48	0.4577547392815514	
82	248	0	0	-3	4.0	5.48	0.4577547392815514	
83	249	2	0	3	4.0	5.0	0.03400498119913514	
83	250	1	0	-3	4.0	5.0	0.03400498119913514	
83	251	0	0	-3	4.0	5.0	0.03400498119913514	
84	252	2	0	3	4.0	5.0	0.22505660283495665	
84	253	1	0	-3	4.0	5.0	0.22505660283495665	
84	254	0	0	-3	4.0	5.0	0.22505660283495665	
85	255	2	0	3	4.0	5.0	0.37494339717225367	
85	256	1	0	-3	4.0	5.0	0.37494339717225367	
85	257	0	0	-3	4.0	5.0	0.37494339717225367	
86	258	2	0	3	4.0	5.0	0.5659950188008657	
86	259	1	0	-3	4.0	5.0	0.5659950188008657	
86	260	0	0	-3	4.0	5.0	0.5659950188008657	
87	261	2	0	3	8.0	5.0	0.30000000000000004	
87	262	1	0	-3	8.0	5.0	0.30000000000000004	
87	263	0	0	-3	8.0	5.0	0.30000000000000004	
88	264	2	0	3	8.0	4.52	0.30000000000000004	
88	265	1	0	-3	8.0	4.52	0.30000000000000004	
88	266	0	0	-3	8.0	4.52	0.30000000000000004	
89	267	2	0	3	8.0	5.48	0.30000000000000004	
89	268	1	0	-3	8.0	5.48	0.30000000000000004	
89	269	0	0	-3	8.0	5.48	0.30000000000000004	
90	270	2	0	3	8.0	5.0	-0.3	
90	271	1	0	-3	8.0	5.0	-0.3	
90	272	0	0	-3	8.0	5.0	-0.3	
91	273	2	0	3	8.0	5.0	0.8999999999999999	
91	274	1	0	-3	8.0	5.0	0.8999999999999999	
91	275	0	0	-3	8.0	5.0	0.8999999999999999	
92	276	2	0	3	8.0	4.873796208574759	0.30000000000000004	
92	277	1	0	-3	8.0	4.873796208574759	0.30000000000000004	
92	278	0	0	-3	8.0	4.873796208574759	0.30000000000000004	
93	279	2	0	3	8.0	5.126203791425241	0.30000000000000004	
93	280	1	0	-3	8.0	5.126203791425241	0.30000000000000004	
93	281	0	0	-3	8.0	5.126203791425241	0.30000000000000004	
94	282	2	0	3	8.0	4.52	-0.3	
94	283	1	0	-3	8.0	4.52	-0.3	
94	284	0	0	-3	8.0	4.52	-0.3	
95	285	2	0	3	8.0	5.48	-0.3	
95	286	1	0	-3	8.0	5.48	-0.3	
95	287	0	0	-3	8.0	5.48	-0.3	
96	288	2	0	3	8.0	4.52	0.8999999999999999	
96	289	1	0	-3	8.0	4.52	0.8999999999999999	
96	290	0	0	-3	8.0	4.52	0.8999999999999999	
97	291	2	0	3	8.0	5.48	0.8999999999999999	
97	292	1	0	-3	8.0	5.48	0.8999999999999999	
97	293	0	0	-3	8.0	5.48	0.8999999999999999	
98	294	2	0	3	8.0	5.0	0.14224526071844865	
98	295	1	0	-3	8.0	5.0	0.14224526071844865	
98	296	0	0	-3	8.0	5.0	0.14224526071844865	
99	297	2	0	3	8.0	5.0	0.4577547392815514	
99	298	1	0	-3	8.0	5.0	0.4577547392815514	
99	299	0	0	-3	8.0	5.0	0.4577547392815514	
100	300	2	0	3	8.0	4.787203984959308	0.30000000000000004	
100	301	1	0	-3	8.0	4.787203984959308	0.30000000000000004	
100	302	0	0	-3	8.0	4.787203984959308	0.30000000000000004	
101	303	2	0	3	8.0	4.940045282262197	0.30000000000000004	
101	304	1	0	-3	8.0	4.940045282262197	0.30000000000000004	
101	305	0	0	-3	8.0	4.940045282262197	0.30000000000000004	
102	306	2	0	3	8.0	5.059954717737803	0.30000000000000004	
102	307	1	0	-3	8.0	5.059954717737803	0.30000000000000004	
102	308	0	0	-3	8.0	5.059954717737803	0.30000000000000004	
103	309	2	0	3	8.0	5.212796015040692	0.30000000000000004	
103	310	1	0	-3	8.0	5.212796015040692	0.30000000000000004	
103	311	0	0	-3	8.0	5.212796015040692	0.30000000000000004	
104	312	2	0	3	8.0	4.873796208574759	-0.3	
104	313	1	0	-3	8.0	4.873796208574759	-0.3	
104	314	0	0	-3	8.0	4.873796208574759	-0.3	
105	315	2	0	3	8.0	5.126203791425241	-0.3	
105	316	1	0	-3	8.0	5.126203791425241	-0.3	
105	317	0	0	-3	8.0	5.126203791425241	-0.3	
106	318	2	0	3	8.0	4.873796208574759	0.8999999999999999	
106	319	1	0	-3	8.0	4.873796208574759	0.8999999999999999	
106	320	0	0	-3	8.0	4.873796208574759	0.8999999999999999	
107	321	2	0	3	8.0	5.126203791425241	0.8999999999999999	
107	322	1	0	-3	8.0	5.126203791425241	0.8999999999999999	
107	323	0	0	-3	8.0	5.126203791425241	0.8999999999999999	
108	324	2	0	3	8.0	4.52	0.14224526071844865	
108	325	1	0	-3	8.0	4.52	0.14224526071844865	
108	326	0	0	-3	8.0	4.52	0.14224526071844865	
109	327	2	0	3	8.0	5.48	0.14224526071844865	
109	328	1	0	-3	8.0	5.48	0.14224526071844865	
109	329	0	0	-3	8.0	5.48	0.14224526071844865	
110	330	2	0	3	8.0	4.52	0.4577547392815514	
110	331	1	0	-3	8.0	4.52	0.4577547392815514	
110	332	0	0	-3	8.0	4.52	0.4577547392815514	
111	333	2	0	3	8.0	5.48	0.4577547392815514	
111	334	1	0	-3	8.0	5.48	0.4577547392815514	
111	335	0	0	-3	8.0	5.48	0.4577547392815514	
112	336	2	0	3	8.0	5.0	0.03400498119913514	
112	337	1	0	-3	8.0	5.0	0.03400498119913514	
112	338	0	0	-3	8.0	5.0	0.03400498119913514	
113	339	2	0	3	8.0	5.0	0.22505660283495665	
113	340	1	0	-3	8.0	5.0	0.22505660283495665	
113	341	0	0	-3	8.0	5.0	0.22505660283495665	
114	342	2	0	3	8.0	5.0	0.37494339717225367	
114	343	1	0	-3	8.0	5.0	0.37494339717225367	
114	344	0	0	-3	8.0	5.0	0.37494339717225367	
115	345	2	0	3	8.0	5.0	0.5659950188008657	
115	346	1	0	-3	8.0	5.0	0.5659950188008657	
115	347	0	0	-3	8.0	5.0	0.5659950188008657	
1
================ begin prepconfig configuration ================ 
Beta	0.0	0.0	10.0	0.36	0.0	10.0	0.0	-1.7976931348623157E308	1.7976931348623157E308	1.0	-1.7976931348623157E308	1.7976931348623157E308	4	69	3	-1	5
==== begin abscissa values for parameter: Beta ====
4
0.0
2.0
4.0
8.0
==== end abscissa values for parameter: Beta ====
AoA	5.0	0.0	10.0	0.12	0.0	10.0	0.0	-1.7976931348623157E308	1.7976931348623157E308	1.0	-1.7976931348623157E308	1.7976931348623157E308	4	29	2	2	5
Mach	0.3	0.0	10.0	0.15	0.0	10.0	0.0	-1.7976931348623157E308	1.7976931348623157E308	1.0	-1.7976931348623157E308	1.7976931348623157E308	4	29	2	2	5
================= end prepconfig configuration ================= 
1
================= begin MLMC and Error parameters ==============
3	0	1	1	0	1	2.0	0.5	1	
1
1.0	1.0
0
1
2
1	0	1.0	2.0	
================= end MLMC and Error parameters ==============
0
