#  number of independent evaluations (computer runs) required: 69
#  number of resolution (grid) levels required: 3
69 207 4 0
AoA	Beta	Mach	
0	0	2	0	3	5.000000000010477	1.57160684466362E-11	0.29999999999999993	
0	1	1	0	-3	5.000000000010477	1.57160684466362E-11	0.29999999999999993	
0	2	0	0	-3	5.000000000010477	1.57160684466362E-11	0.29999999999999993	
1	3	2	0	3	4.64	1.57160684466362E-11	0.29999999999999993	
1	4	1	0	-3	4.64	1.57160684466362E-11	0.29999999999999993	
1	5	0	0	-3	4.64	1.57160684466362E-11	0.29999999999999993	
2	6	2	0	3	5.36	1.57160684466362E-11	0.29999999999999993	
2	7	1	0	-3	5.36	1.57160684466362E-11	0.29999999999999993	
2	8	0	0	-3	5.36	1.57160684466362E-11	0.29999999999999993	
3	9	2	0	3	5.000000000010477	-1.08	0.29999999999999993	
3	10	1	0	-3	5.000000000010477	-1.08	0.29999999999999993	
3	11	0	0	-3	5.000000000010477	-1.08	0.29999999999999993	
4	12	2	0	3	5.000000000010477	1.08	0.29999999999999993	
4	13	1	0	-3	5.000000000010477	1.08	0.29999999999999993	
4	14	0	0	-3	5.000000000010477	1.08	0.29999999999999993	
5	15	2	0	3	5.000000000010477	1.57160684466362E-11	-0.14999999999999997	
5	16	1	0	-3	5.000000000010477	1.57160684466362E-11	-0.14999999999999997	
5	17	0	0	-3	5.000000000010477	1.57160684466362E-11	-0.14999999999999997	
6	18	2	0	3	5.000000000010477	1.57160684466362E-11	0.75	
6	19	1	0	-3	5.000000000010477	1.57160684466362E-11	0.75	
6	20	0	0	-3	5.000000000010477	1.57160684466362E-11	0.75	
7	21	2	0	3	4.8742826173147025	1.57160684466362E-11	0.29999999999999993	
7	22	1	0	-3	4.8742826173147025	1.57160684466362E-11	0.29999999999999993	
7	23	0	0	-3	4.8742826173147025	1.57160684466362E-11	0.29999999999999993	
8	24	2	0	3	5.1257173826852975	1.57160684466362E-11	0.29999999999999993	
8	25	1	0	-3	5.1257173826852975	1.57160684466362E-11	0.29999999999999993	
8	26	0	0	-3	5.1257173826852975	1.57160684466362E-11	0.29999999999999993	
9	27	2	0	3	4.64	-1.08	0.29999999999999993	
9	28	1	0	-3	4.64	-1.08	0.29999999999999993	
9	29	0	0	-3	4.64	-1.08	0.29999999999999993	
10	30	2	0	3	5.36	-1.08	0.29999999999999993	
10	31	1	0	-3	5.36	-1.08	0.29999999999999993	
10	32	0	0	-3	5.36	-1.08	0.29999999999999993	
11	33	2	0	3	4.64	1.08	0.29999999999999993	
11	34	1	0	-3	4.64	1.08	0.29999999999999993	
11	35	0	0	-3	4.64	1.08	0.29999999999999993	
12	36	2	0	3	5.36	1.08	0.29999999999999993	
12	37	1	0	-3	5.36	1.08	0.29999999999999993	
12	38	0	0	-3	5.36	1.08	0.29999999999999993	
13	39	2	0	3	5.000000000010477	-0.37715214805589387	0.29999999999999993	
13	40	1	0	-3	5.000000000010477	-0.37715214805589387	0.29999999999999993	
13	41	0	0	-3	5.000000000010477	-0.37715214805589387	0.29999999999999993	
14	42	2	0	3	5.000000000010477	0.37715214803698477	0.29999999999999993	
14	43	1	0	-3	5.000000000010477	0.37715214803698477	0.29999999999999993	
14	44	0	0	-3	5.000000000010477	0.37715214803698477	0.29999999999999993	
15	45	2	0	3	4.64	1.57160684466362E-11	-0.14999999999999997	
15	46	1	0	-3	4.64	1.57160684466362E-11	-0.14999999999999997	
15	47	0	0	-3	4.64	1.57160684466362E-11	-0.14999999999999997	
16	48	2	0	3	5.36	1.57160684466362E-11	-0.14999999999999997	
16	49	1	0	-3	5.36	1.57160684466362E-11	-0.14999999999999997	
16	50	0	0	-3	5.36	1.57160684466362E-11	-0.14999999999999997	
17	51	2	0	3	4.64	1.57160684466362E-11	0.75	
17	52	1	0	-3	4.64	1.57160684466362E-11	0.75	
17	53	0	0	-3	4.64	1.57160684466362E-11	0.75	
18	54	2	0	3	5.36	1.57160684466362E-11	0.75	
18	55	1	0	-3	5.36	1.57160684466362E-11	0.75	
18	56	0	0	-3	5.36	1.57160684466362E-11	0.75	
19	57	2	0	3	5.000000000010477	-1.08	-0.14999999999999997	
19	58	1	0	-3	5.000000000010477	-1.08	-0.14999999999999997	
19	59	0	0	-3	5.000000000010477	-1.08	-0.14999999999999997	
20	60	2	0	3	5.000000000010477	1.08	-0.14999999999999997	
20	61	1	0	-3	5.000000000010477	1.08	-0.14999999999999997	
20	62	0	0	-3	5.000000000010477	1.08	-0.14999999999999997	
21	63	2	0	3	5.000000000010477	-1.08	0.75	
21	64	1	0	-3	5.000000000010477	-1.08	0.75	
21	65	0	0	-3	5.000000000010477	-1.08	0.75	
22	66	2	0	3	5.000000000010477	1.08	0.75	
22	67	1	0	-3	5.000000000010477	1.08	0.75	
22	68	0	0	-3	5.000000000010477	1.08	0.75	
23	69	2	0	3	5.000000000010477	1.57160684466362E-11	0.1428532716433775	
23	70	1	0	-3	5.000000000010477	1.57160684466362E-11	0.1428532716433775	
23	71	0	0	-3	5.000000000010477	1.57160684466362E-11	0.1428532716433775	
24	72	2	0	3	5.000000000010477	1.57160684466362E-11	0.4571467283618404	
24	73	1	0	-3	5.000000000010477	1.57160684466362E-11	0.4571467283618404	
24	74	0	0	-3	5.000000000010477	1.57160684466362E-11	0.4571467283618404	
25	75	2	0	3	4.788946308706349	1.57160684466362E-11	0.29999999999999993	
25	76	1	0	-3	4.788946308706349	1.57160684466362E-11	0.29999999999999993	
25	77	0	0	-3	4.788946308706349	1.57160684466362E-11	0.29999999999999993	
26	78	2	0	3	4.940217132700468	1.57160684466362E-11	0.29999999999999993	
26	79	1	0	-3	4.940217132700468	1.57160684466362E-11	0.29999999999999993	
26	80	0	0	-3	4.940217132700468	1.57160684466362E-11	0.29999999999999993	
27	81	2	0	3	5.059782867299532	1.57160684466362E-11	0.29999999999999993	
27	82	1	0	-3	5.059782867299532	1.57160684466362E-11	0.29999999999999993	
27	83	0	0	-3	5.059782867299532	1.57160684466362E-11	0.29999999999999993	
28	84	2	0	3	5.211053691293651	1.57160684466362E-11	0.29999999999999993	
28	85	1	0	-3	5.211053691293651	1.57160684466362E-11	0.29999999999999993	
28	86	0	0	-3	5.211053691293651	1.57160684466362E-11	0.29999999999999993	
29	87	2	0	3	4.8742826173147025	-1.08	0.29999999999999993	
29	88	1	0	-3	4.8742826173147025	-1.08	0.29999999999999993	
29	89	0	0	-3	4.8742826173147025	-1.08	0.29999999999999993	
30	90	2	0	3	5.1257173826852975	-1.08	0.29999999999999993	
30	91	1	0	-3	5.1257173826852975	-1.08	0.29999999999999993	
30	92	0	0	-3	5.1257173826852975	-1.08	0.29999999999999993	
31	93	2	0	3	4.8742826173147025	1.08	0.29999999999999993	
31	94	1	0	-3	4.8742826173147025	1.08	0.29999999999999993	
31	95	0	0	-3	4.8742826173147025	1.08	0.29999999999999993	
32	96	2	0	3	5.1257173826852975	1.08	0.29999999999999993	
32	97	1	0	-3	5.1257173826852975	1.08	0.29999999999999993	
32	98	0	0	-3	5.1257173826852975	1.08	0.29999999999999993	
33	99	2	0	3	4.64	-0.37715214805589387	0.29999999999999993	
33	100	1	0	-3	4.64	-0.37715214805589387	0.29999999999999993	
33	101	0	0	-3	4.64	-0.37715214805589387	0.29999999999999993	
34	102	2	0	3	5.36	-0.37715214805589387	0.29999999999999993	
34	103	1	0	-3	5.36	-0.37715214805589387	0.29999999999999993	
34	104	0	0	-3	5.36	-0.37715214805589387	0.29999999999999993	
35	105	2	0	3	4.64	0.37715214803698477	0.29999999999999993	
35	106	1	0	-3	4.64	0.37715214803698477	0.29999999999999993	
35	107	0	0	-3	4.64	0.37715214803698477	0.29999999999999993	
36	108	2	0	3	5.36	0.37715214803698477	0.29999999999999993	
36	109	1	0	-3	5.36	0.37715214803698477	0.29999999999999993	
36	110	0	0	-3	5.36	0.37715214803698477	0.29999999999999993	
37	111	2	0	3	5.000000000010477	-0.6331610738809547	0.29999999999999993	
37	112	1	0	-3	5.000000000010477	-0.6331610738809547	0.29999999999999993	
37	113	0	0	-3	5.000000000010477	-0.6331610738809547	0.29999999999999993	
38	114	2	0	3	5.000000000010477	-0.17934860189328905	0.29999999999999993	
38	115	1	0	-3	5.000000000010477	-0.17934860189328905	0.29999999999999993	
38	116	0	0	-3	5.000000000010477	-0.17934860189328905	0.29999999999999993	
39	117	2	0	3	5.000000000010477	0.17934860189859653	0.29999999999999993	
39	118	1	0	-3	5.000000000010477	0.17934860189859653	0.29999999999999993	
39	119	0	0	-3	5.000000000010477	0.17934860189859653	0.29999999999999993	
40	120	2	0	3	5.000000000010477	0.6331610738800373	0.29999999999999993	
40	121	1	0	-3	5.000000000010477	0.6331610738800373	0.29999999999999993	
40	122	0	0	-3	5.000000000010477	0.6331610738800373	0.29999999999999993	
41	123	2	0	3	4.8742826173147025	1.57160684466362E-11	-0.14999999999999997	
41	124	1	0	-3	4.8742826173147025	1.57160684466362E-11	-0.14999999999999997	
41	125	0	0	-3	4.8742826173147025	1.57160684466362E-11	-0.14999999999999997	
42	126	2	0	3	5.1257173826852975	1.57160684466362E-11	-0.14999999999999997	
42	127	1	0	-3	5.1257173826852975	1.57160684466362E-11	-0.14999999999999997	
42	128	0	0	-3	5.1257173826852975	1.57160684466362E-11	-0.14999999999999997	
43	129	2	0	3	4.8742826173147025	1.57160684466362E-11	0.75	
43	130	1	0	-3	4.8742826173147025	1.57160684466362E-11	0.75	
43	131	0	0	-3	4.8742826173147025	1.57160684466362E-11	0.75	
44	132	2	0	3	5.1257173826852975	1.57160684466362E-11	0.75	
44	133	1	0	-3	5.1257173826852975	1.57160684466362E-11	0.75	
44	134	0	0	-3	5.1257173826852975	1.57160684466362E-11	0.75	
45	135	2	0	3	4.64	-1.08	-0.14999999999999997	
45	136	1	0	-3	4.64	-1.08	-0.14999999999999997	
45	137	0	0	-3	4.64	-1.08	-0.14999999999999997	
46	138	2	0	3	5.36	-1.08	-0.14999999999999997	
46	139	1	0	-3	5.36	-1.08	-0.14999999999999997	
46	140	0	0	-3	5.36	-1.08	-0.14999999999999997	
47	141	2	0	3	4.64	1.08	-0.14999999999999997	
47	142	1	0	-3	4.64	1.08	-0.14999999999999997	
47	143	0	0	-3	4.64	1.08	-0.14999999999999997	
48	144	2	0	3	5.36	1.08	-0.14999999999999997	
48	145	1	0	-3	5.36	1.08	-0.14999999999999997	
48	146	0	0	-3	5.36	1.08	-0.14999999999999997	
49	147	2	0	3	4.64	-1.08	0.75	
49	148	1	0	-3	4.64	-1.08	0.75	
49	149	0	0	-3	4.64	-1.08	0.75	
50	150	2	0	3	5.36	-1.08	0.75	
50	151	1	0	-3	5.36	-1.08	0.75	
50	152	0	0	-3	5.36	-1.08	0.75	
51	153	2	0	3	4.64	1.08	0.75	
51	154	1	0	-3	4.64	1.08	0.75	
51	155	0	0	-3	4.64	1.08	0.75	
52	156	2	0	3	5.36	1.08	0.75	
52	157	1	0	-3	5.36	1.08	0.75	
52	158	0	0	-3	5.36	1.08	0.75	
53	159	2	0	3	5.000000000010477	-0.37715214805589387	-0.14999999999999997	
53	160	1	0	-3	5.000000000010477	-0.37715214805589387	-0.14999999999999997	
53	161	0	0	-3	5.000000000010477	-0.37715214805589387	-0.14999999999999997	
54	162	2	0	3	5.000000000010477	0.37715214803698477	-0.14999999999999997	
54	163	1	0	-3	5.000000000010477	0.37715214803698477	-0.14999999999999997	
54	164	0	0	-3	5.000000000010477	0.37715214803698477	-0.14999999999999997	
55	165	2	0	3	5.000000000010477	-0.37715214805589387	0.75	
55	166	1	0	-3	5.000000000010477	-0.37715214805589387	0.75	
55	167	0	0	-3	5.000000000010477	-0.37715214805589387	0.75	
56	168	2	0	3	5.000000000010477	0.37715214803698477	0.75	
56	169	1	0	-3	5.000000000010477	0.37715214803698477	0.75	
56	170	0	0	-3	5.000000000010477	0.37715214803698477	0.75	
57	171	2	0	3	4.64	1.57160684466362E-11	0.1428532716433775	
57	172	1	0	-3	4.64	1.57160684466362E-11	0.1428532716433775	
57	173	0	0	-3	4.64	1.57160684466362E-11	0.1428532716433775	
58	174	2	0	3	5.36	1.57160684466362E-11	0.1428532716433775	
58	175	1	0	-3	5.36	1.57160684466362E-11	0.1428532716433775	
58	176	0	0	-3	5.36	1.57160684466362E-11	0.1428532716433775	
59	177	2	0	3	4.64	1.57160684466362E-11	0.4571467283618404	
59	178	1	0	-3	4.64	1.57160684466362E-11	0.4571467283618404	
59	179	0	0	-3	4.64	1.57160684466362E-11	0.4571467283618404	
60	180	2	0	3	5.36	1.57160684466362E-11	0.4571467283618404	
60	181	1	0	-3	5.36	1.57160684466362E-11	0.4571467283618404	
60	182	0	0	-3	5.36	1.57160684466362E-11	0.4571467283618404	
61	183	2	0	3	5.000000000010477	-1.08	0.1428532716433775	
61	184	1	0	-3	5.000000000010477	-1.08	0.1428532716433775	
61	185	0	0	-3	5.000000000010477	-1.08	0.1428532716433775	
62	186	2	0	3	5.000000000010477	1.08	0.1428532716433775	
62	187	1	0	-3	5.000000000010477	1.08	0.1428532716433775	
62	188	0	0	-3	5.000000000010477	1.08	0.1428532716433775	
63	189	2	0	3	5.000000000010477	-1.08	0.4571467283618404	
63	190	1	0	-3	5.000000000010477	-1.08	0.4571467283618404	
63	191	0	0	-3	5.000000000010477	-1.08	0.4571467283618404	
64	192	2	0	3	5.000000000010477	1.08	0.4571467283618404	
64	193	1	0	-3	5.000000000010477	1.08	0.4571467283618404	
64	194	0	0	-3	5.000000000010477	1.08	0.4571467283618404	
65	195	2	0	3	5.000000000010477	1.57160684466362E-11	0.036182885882935195	
65	196	1	0	-3	5.000000000010477	1.57160684466362E-11	0.036182885882935195	
65	197	0	0	-3	5.000000000010477	1.57160684466362E-11	0.036182885882935195	
66	198	2	0	3	5.000000000010477	1.57160684466362E-11	0.22527141587558466	
66	199	1	0	-3	5.000000000010477	1.57160684466362E-11	0.22527141587558466	
66	200	0	0	-3	5.000000000010477	1.57160684466362E-11	0.22527141587558466	
67	201	2	0	3	5.000000000010477	1.57160684466362E-11	0.37472858412441523	
67	202	1	0	-3	5.000000000010477	1.57160684466362E-11	0.37472858412441523	
67	203	0	0	-3	5.000000000010477	1.57160684466362E-11	0.37472858412441523	
68	204	2	0	3	5.000000000010477	1.57160684466362E-11	0.563817114129779	
68	205	1	0	-3	5.000000000010477	1.57160684466362E-11	0.563817114129779	
68	206	0	0	-3	5.000000000010477	1.57160684466362E-11	0.563817114129779	
1
================ begin prepconfig configuration ================ 
AoA	5.0	0.0	10.0	0.12	0.0	10.0	0.0	-1.7976931348623157E308	1.7976931348623157E308	1.0	-1.7976931348623157E308	1.7976931348623157E308	4	69	3	1	5
Beta	0.0	0.0	10.0	0.36	0.0	10.0	0.0	-1.7976931348623157E308	1.7976931348623157E308	1.0	-1.7976931348623157E308	1.7976931348623157E308	4	69	3	1	5
Mach	0.3	0.0	10.0	0.15	0.0	10.0	0.0	-1.7976931348623157E308	1.7976931348623157E308	1.0	-1.7976931348623157E308	1.7976931348623157E308	4	69	3	1	5
================= end prepconfig configuration ================= 
1
================= begin MLMC and Error parameters ==============
3	0	1	1	0	1	2.0	0.5	1	
1
1.0	1.0
0
1
2
1	0	1.0	2.0	
================= end MLMC and Error parameters ==============
0
